2.003019292207377955e+00
2.088346716593184049e-02
1.301731929820733845e-02
3.015049242843484151e-03
0.000000000000000000e+00
0.000000000000000000e+00
0.000000000000000000e+00
0.000000000000000000e+00
0.000000000000000000e+00
0.000000000000000000e+00
0.000000000000000000e+00
0.000000000000000000e+00
0.000000000000000000e+00
8.536733675868612875e-16
0.000000000000000000e+00
0.000000000000000000e+00
8.592928647247474807e-16
0.000000000000000000e+00
8.592214358770522263e-16
8.878169110510028968e-16
0.000000000000000000e+00
0.000000000000000000e+00
8.844164601804531435e-16
0.000000000000000000e+00
8.845581822082593701e-16
2.088346716593184049e-02
5.951823133276292754e-01
5.757134753678838646e-01
9.370798709177390051e-03
0.000000000000000000e+00
0.000000000000000000e+00
0.000000000000000000e+00
0.000000000000000000e+00
0.000000000000000000e+00
0.000000000000000000e+00
0.000000000000000000e+00
0.000000000000000000e+00
0.000000000000000000e+00
-1.300513602251617921e-15
0.000000000000000000e+00
0.000000000000000000e+00
-1.300517751527471262e-15
0.000000000000000000e+00
-1.311056244482032682e-15
-2.493088782900033605e-15
0.000000000000000000e+00
0.000000000000000000e+00
-2.493086272104433124e-15
0.000000000000000000e+00
-2.472176840695012142e-15
1.301731929820733845e-02
5.757134753678838646e-01
5.569072455169633562e-01
9.054636499455336052e-03
0.000000000000000000e+00
0.000000000000000000e+00
0.000000000000000000e+00
0.000000000000000000e+00
0.000000000000000000e+00
0.000000000000000000e+00
0.000000000000000000e+00
0.000000000000000000e+00
0.000000000000000000e+00
-1.261199056475929601e-15
0.000000000000000000e+00
0.000000000000000000e+00
-1.261223230022183973e-15
0.000000000000000000e+00
-1.271418071628086647e-15
-2.415036853119197502e-15
0.000000000000000000e+00
0.000000000000000000e+00
-2.415022225305642519e-15
0.000000000000000000e+00
-2.394794632782911911e-15
3.015049242843484151e-03
9.370798709177390051e-03
9.054636499455336052e-03
1.511416179181320353e-04
0.000000000000000000e+00
0.000000000000000000e+00
0.000000000000000000e+00
0.000000000000000000e+00
0.000000000000000000e+00
0.000000000000000000e+00
0.000000000000000000e+00
0.000000000000000000e+00
0.000000000000000000e+00
-1.926932842664556118e-17
0.000000000000000000e+00
0.000000000000000000e+00
-1.926185448793867326e-17
0.000000000000000000e+00
-1.942737666731660476e-17
-3.794378479679917091e-17
0.000000000000000000e+00
0.000000000000000000e+00
-3.794830740100352959e-17
0.000000000000000000e+00
-3.761989472650031770e-17
0.000000000000000000e+00
0.000000000000000000e+00
0.000000000000000000e+00
0.000000000000000000e+00
2.083612007028045610e-01
0.000000000000000000e+00
0.000000000000000000e+00
1.764139556921883456e-01
0.000000000000000000e+00
0.000000000000000000e+00
7.286592500563092434e-02
0.000000000000000000e+00
0.000000000000000000e+00
0.000000000000000000e+00
0.000000000000000000e+00
0.000000000000000000e+00
0.000000000000000000e+00
0.000000000000000000e+00
0.000000000000000000e+00
0.000000000000000000e+00
0.000000000000000000e+00
0.000000000000000000e+00
0.000000000000000000e+00
0.000000000000000000e+00
0.000000000000000000e+00
0.000000000000000000e+00
0.000000000000000000e+00
0.000000000000000000e+00
0.000000000000000000e+00
0.000000000000000000e+00
2.083612007028045610e-01
0.000000000000000000e+00
0.000000000000000000e+00
1.764139556921883734e-01
0.000000000000000000e+00
0.000000000000000000e+00
7.286592500563089658e-02
0.000000000000000000e+00
0.000000000000000000e+00
0.000000000000000000e+00
0.000000000000000000e+00
0.000000000000000000e+00
0.000000000000000000e+00
0.000000000000000000e+00
0.000000000000000000e+00
0.000000000000000000e+00
0.000000000000000000e+00
0.000000000000000000e+00
0.000000000000000000e+00
0.000000000000000000e+00
0.000000000000000000e+00
0.000000000000000000e+00
0.000000000000000000e+00
0.000000000000000000e+00
0.000000000000000000e+00
0.000000000000000000e+00
2.083612007028045610e-01
0.000000000000000000e+00
0.000000000000000000e+00
1.764139556921883734e-01
0.000000000000000000e+00
0.000000000000000000e+00
7.286592500563089658e-02
0.000000000000000000e+00
0.000000000000000000e+00
0.000000000000000000e+00
0.000000000000000000e+00
0.000000000000000000e+00
0.000000000000000000e+00
0.000000000000000000e+00
0.000000000000000000e+00
0.000000000000000000e+00
0.000000000000000000e+00
0.000000000000000000e+00
0.000000000000000000e+00
0.000000000000000000e+00
0.000000000000000000e+00
0.000000000000000000e+00
0.000000000000000000e+00
1.764139556921883456e-01
0.000000000000000000e+00
0.000000000000000000e+00
1.493650624875981769e-01
0.000000000000000000e+00
0.000000000000000000e+00
6.169366476126602467e-02
0.000000000000000000e+00
0.000000000000000000e+00
0.000000000000000000e+00
0.000000000000000000e+00
0.000000000000000000e+00
0.000000000000000000e+00
0.000000000000000000e+00
0.000000000000000000e+00
0.000000000000000000e+00
0.000000000000000000e+00
0.000000000000000000e+00
0.000000000000000000e+00
0.000000000000000000e+00
0.000000000000000000e+00
0.000000000000000000e+00
0.000000000000000000e+00
0.000000000000000000e+00
0.000000000000000000e+00
0.000000000000000000e+00
1.764139556921883734e-01
0.000000000000000000e+00
0.000000000000000000e+00
1.493650624875982325e-01
0.000000000000000000e+00
0.000000000000000000e+00
6.169366476126601079e-02
0.000000000000000000e+00
0.000000000000000000e+00
0.000000000000000000e+00
0.000000000000000000e+00
0.000000000000000000e+00
0.000000000000000000e+00
0.000000000000000000e+00
0.000000000000000000e+00
0.000000000000000000e+00
0.000000000000000000e+00
0.000000000000000000e+00
0.000000000000000000e+00
0.000000000000000000e+00
0.000000000000000000e+00
0.000000000000000000e+00
0.000000000000000000e+00
0.000000000000000000e+00
0.000000000000000000e+00
0.000000000000000000e+00
1.764139556921883734e-01
0.000000000000000000e+00
0.000000000000000000e+00
1.493650624875982325e-01
0.000000000000000000e+00
0.000000000000000000e+00
6.169366476126601079e-02
0.000000000000000000e+00
0.000000000000000000e+00
0.000000000000000000e+00
0.000000000000000000e+00
0.000000000000000000e+00
0.000000000000000000e+00
0.000000000000000000e+00
0.000000000000000000e+00
0.000000000000000000e+00
0.000000000000000000e+00
0.000000000000000000e+00
0.000000000000000000e+00
0.000000000000000000e+00
0.000000000000000000e+00
0.000000000000000000e+00
0.000000000000000000e+00
7.286592500563091046e-02
0.000000000000000000e+00
0.000000000000000000e+00
6.169366476126602467e-02
0.000000000000000000e+00
0.000000000000000000e+00
2.548191798193435650e-02
0.000000000000000000e+00
0.000000000000000000e+00
0.000000000000000000e+00
0.000000000000000000e+00
0.000000000000000000e+00
0.000000000000000000e+00
0.000000000000000000e+00
0.000000000000000000e+00
0.000000000000000000e+00
0.000000000000000000e+00
0.000000000000000000e+00
0.000000000000000000e+00
0.000000000000000000e+00
0.000000000000000000e+00
0.000000000000000000e+00
0.000000000000000000e+00
0.000000000000000000e+00
0.000000000000000000e+00
0.000000000000000000e+00
7.286592500563088270e-02
0.000000000000000000e+00
0.000000000000000000e+00
6.169366476126600385e-02
0.000000000000000000e+00
0.000000000000000000e+00
2.548191798193433569e-02
0.000000000000000000e+00
0.000000000000000000e+00
0.000000000000000000e+00
0.000000000000000000e+00
0.000000000000000000e+00
0.000000000000000000e+00
0.000000000000000000e+00
0.000000000000000000e+00
0.000000000000000000e+00
0.000000000000000000e+00
0.000000000000000000e+00
0.000000000000000000e+00
0.000000000000000000e+00
0.000000000000000000e+00
0.000000000000000000e+00
0.000000000000000000e+00
0.000000000000000000e+00
0.000000000000000000e+00
0.000000000000000000e+00
7.286592500563088270e-02
0.000000000000000000e+00
0.000000000000000000e+00
6.169366476126600385e-02
0.000000000000000000e+00
0.000000000000000000e+00
2.548191798193433569e-02
0.000000000000000000e+00
0.000000000000000000e+00
0.000000000000000000e+00
0.000000000000000000e+00
0.000000000000000000e+00
0.000000000000000000e+00
0.000000000000000000e+00
0.000000000000000000e+00
0.000000000000000000e+00
0.000000000000000000e+00
0.000000000000000000e+00
0.000000000000000000e+00
8.536733675868612875e-16
-1.300513602251617921e-15
-1.261199056475929601e-15
-1.926932842664556118e-17
0.000000000000000000e+00
0.000000000000000000e+00
0.000000000000000000e+00
0.000000000000000000e+00
0.000000000000000000e+00
0.000000000000000000e+00
0.000000000000000000e+00
0.000000000000000000e+00
0.000000000000000000e+00
3.245623263707966246e-30
0.000000000000000000e+00
0.000000000000000000e+00
3.248156331374995100e-30
0.000000000000000000e+00
3.271317647571378229e-30
5.885609877575655278e-30
0.000000000000000000e+00
0.000000000000000000e+00
5.884077076340568114e-30
0.000000000000000000e+00
5.838122692307833558e-30
0.000000000000000000e+00
0.000000000000000000e+00
0.000000000000000000e+00
0.000000000000000000e+00
0.000000000000000000e+00
0.000000000000000000e+00
0.000000000000000000e+00
0.000000000000000000e+00
0.000000000000000000e+00
0.000000000000000000e+00
0.000000000000000000e+00
0.000000000000000000e+00
0.000000000000000000e+00
0.000000000000000000e+00
0.000000000000000000e+00
0.000000000000000000e+00
0.000000000000000000e+00
0.000000000000000000e+00
0.000000000000000000e+00
0.000000000000000000e+00
0.000000000000000000e+00
0.000000000000000000e+00
0.000000000000000000e+00
0.000000000000000000e+00
0.000000000000000000e+00
0.000000000000000000e+00
0.000000000000000000e+00
0.000000000000000000e+00
0.000000000000000000e+00
0.000000000000000000e+00
0.000000000000000000e+00
0.000000000000000000e+00
0.000000000000000000e+00
0.000000000000000000e+00
0.000000000000000000e+00
0.000000000000000000e+00
0.000000000000000000e+00
0.000000000000000000e+00
0.000000000000000000e+00
0.000000000000000000e+00
0.000000000000000000e+00
0.000000000000000000e+00
0.000000000000000000e+00
0.000000000000000000e+00
0.000000000000000000e+00
0.000000000000000000e+00
0.000000000000000000e+00
0.000000000000000000e+00
0.000000000000000000e+00
0.000000000000000000e+00
8.592928647247474807e-16
-1.300517751527471262e-15
-1.261223230022183973e-15
-1.926185448793867326e-17
0.000000000000000000e+00
0.000000000000000000e+00
0.000000000000000000e+00
0.000000000000000000e+00
0.000000000000000000e+00
0.000000000000000000e+00
0.000000000000000000e+00
0.000000000000000000e+00
0.000000000000000000e+00
3.248156331374995100e-30
0.000000000000000000e+00
0.000000000000000000e+00
3.250705171231269761e-30
0.000000000000000000e+00
3.273867398222760595e-30
5.888364528200638266e-30
0.000000000000000000e+00
0.000000000000000000e+00
5.886822182952389537e-30
0.000000000000000000e+00
5.840865991810429874e-30
0.000000000000000000e+00
0.000000000000000000e+00
0.000000000000000000e+00
0.000000000000000000e+00
0.000000000000000000e+00
0.000000000000000000e+00
0.000000000000000000e+00
0.000000000000000000e+00
0.000000000000000000e+00
0.000000000000000000e+00
0.000000000000000000e+00
0.000000000000000000e+00
0.000000000000000000e+00
0.000000000000000000e+00
0.000000000000000000e+00
0.000000000000000000e+00
0.000000000000000000e+00
0.000000000000000000e+00
0.000000000000000000e+00
0.000000000000000000e+00
0.000000000000000000e+00
0.000000000000000000e+00
0.000000000000000000e+00
0.000000000000000000e+00
0.000000000000000000e+00
8.592214358770522263e-16
-1.311056244482032682e-15
-1.271418071628086647e-15
-1.942737666731660476e-17
0.000000000000000000e+00
0.000000000000000000e+00
0.000000000000000000e+00
0.000000000000000000e+00
0.000000000000000000e+00
0.000000000000000000e+00
0.000000000000000000e+00
0.000000000000000000e+00
0.000000000000000000e+00
3.271317647571378229e-30
0.000000000000000000e+00
0.000000000000000000e+00
3.273867398222760595e-30
0.000000000000000000e+00
3.297216267674483369e-30
5.932653293315843587e-30
0.000000000000000000e+00
0.000000000000000000e+00
5.931110396930377387e-30
0.000000000000000000e+00
5.884783888349564531e-30
8.878169110510028968e-16
-2.493088782900033605e-15
-2.415036853119197502e-15
-3.794378479679917091e-17
0.000000000000000000e+00
0.000000000000000000e+00
0.000000000000000000e+00
0.000000000000000000e+00
0.000000000000000000e+00
0.000000000000000000e+00
0.000000000000000000e+00
0.000000000000000000e+00
0.000000000000000000e+00
5.885609877575655278e-30
0.000000000000000000e+00
0.000000000000000000e+00
5.888364528200638266e-30
0.000000000000000000e+00
5.932653293315843587e-30
1.091805996509801866e-29
0.000000000000000000e+00
0.000000000000000000e+00
1.091639308034196943e-29
0.000000000000000000e+00
1.082851970979675300e-29
0.000000000000000000e+00
0.000000000000000000e+00
0.000000000000000000e+00
0.000000000000000000e+00
0.000000000000000000e+00
0.000000000000000000e+00
0.000000000000000000e+00
0.000000000000000000e+00
0.000000000000000000e+00
0.000000000000000000e+00
0.000000000000000000e+00
0.000000000000000000e+00
0.000000000000000000e+00
0.000000000000000000e+00
0.000000000000000000e+00
0.000000000000000000e+00
0.000000000000000000e+00
0.000000000000000000e+00
0.000000000000000000e+00
0.000000000000000000e+00
0.000000000000000000e+00
0.000000000000000000e+00
0.000000000000000000e+00
0.000000000000000000e+00
0.000000000000000000e+00
0.000000000000000000e+00
0.000000000000000000e+00
0.000000000000000000e+00
0.000000000000000000e+00
0.000000000000000000e+00
0.000000000000000000e+00
0.000000000000000000e+00
0.000000000000000000e+00
0.000000000000000000e+00
0.000000000000000000e+00
0.000000000000000000e+00
0.000000000000000000e+00
0.000000000000000000e+00
0.000000000000000000e+00
0.000000000000000000e+00
0.000000000000000000e+00
0.000000000000000000e+00
0.000000000000000000e+00
0.000000000000000000e+00
0.000000000000000000e+00
0.000000000000000000e+00
0.000000000000000000e+00
0.000000000000000000e+00
0.000000000000000000e+00
0.000000000000000000e+00
8.844164601804531435e-16
-2.493086272104433124e-15
-2.415022225305642519e-15
-3.794830740100352959e-17
0.000000000000000000e+00
0.000000000000000000e+00
0.000000000000000000e+00
0.000000000000000000e+00
0.000000000000000000e+00
0.000000000000000000e+00
0.000000000000000000e+00
0.000000000000000000e+00
0.000000000000000000e+00
5.884077076340568114e-30
0.000000000000000000e+00
0.000000000000000000e+00
5.886822182952389537e-30
0.000000000000000000e+00
5.931110396930377387e-30
1.091639308034196943e-29
0.000000000000000000e+00
0.000000000000000000e+00
1.091473197082649416e-29
0.000000000000000000e+00
1.082685969379302623e-29
0.000000000000000000e+00
0.000000000000000000e+00
0.000000000000000000e+00
0.000000000000000000e+00
0.000000000000000000e+00
0.000000000000000000e+00
0.000000000000000000e+00
0.000000000000000000e+00
0.000000000000000000e+00
0.000000000000000000e+00
0.000000000000000000e+00
0.000000000000000000e+00
0.000000000000000000e+00
0.000000000000000000e+00
0.000000000000000000e+00
0.000000000000000000e+00
0.000000000000000000e+00
0.000000000000000000e+00
0.000000000000000000e+00
0.000000000000000000e+00
0.000000000000000000e+00
0.000000000000000000e+00
0.000000000000000000e+00
0.000000000000000000e+00
0.000000000000000000e+00
8.845581822082593701e-16
-2.472176840695012142e-15
-2.394794632782911911e-15
-3.761989472650031770e-17
0.000000000000000000e+00
0.000000000000000000e+00
0.000000000000000000e+00
0.000000000000000000e+00
0.000000000000000000e+00
0.000000000000000000e+00
0.000000000000000000e+00
0.000000000000000000e+00
0.000000000000000000e+00
5.838122692307833558e-30
0.000000000000000000e+00
0.000000000000000000e+00
5.840865991810429874e-30
0.000000000000000000e+00
5.884783888349564531e-30
1.082851970979675300e-29
0.000000000000000000e+00
0.000000000000000000e+00
1.082685969379302623e-29
0.000000000000000000e+00
1.073972216385487560e-29
