2.002459163525200925e+00
1.759752299473038226e-02
1.132514610496293192e-02
2.632210394822363450e-03
0.000000000000000000e+00
0.000000000000000000e+00
0.000000000000000000e+00
0.000000000000000000e+00
0.000000000000000000e+00
0.000000000000000000e+00
0.000000000000000000e+00
0.000000000000000000e+00
0.000000000000000000e+00
2.354140733430370616e-15
0.000000000000000000e+00
0.000000000000000000e+00
2.355738647399812045e-15
0.000000000000000000e+00
2.355454195934368744e-15
4.446025631874485155e-15
0.000000000000000000e+00
0.000000000000000000e+00
4.445706942842048878e-15
0.000000000000000000e+00
4.446257502346794386e-15
1.759752299473038226e-02
5.871293162098467633e-01
5.765963389718939958e-01
1.185599335085096850e-02
0.000000000000000000e+00
0.000000000000000000e+00
0.000000000000000000e+00
0.000000000000000000e+00
0.000000000000000000e+00
0.000000000000000000e+00
0.000000000000000000e+00
0.000000000000000000e+00
0.000000000000000000e+00
4.907707507543989529e-15
0.000000000000000000e+00
0.000000000000000000e+00
4.956796617813232822e-15
0.000000000000000000e+00
4.973625006594477644e-15
6.861214601115343690e-15
0.000000000000000000e+00
0.000000000000000000e+00
6.851424236080676763e-15
0.000000000000000000e+00
6.818852671091218934e-15
1.132514610496293192e-02
5.765963389718939958e-01
5.662700450498830973e-01
1.163652458420727683e-02
0.000000000000000000e+00
0.000000000000000000e+00
0.000000000000000000e+00
0.000000000000000000e+00
0.000000000000000000e+00
0.000000000000000000e+00
0.000000000000000000e+00
0.000000000000000000e+00
0.000000000000000000e+00
4.813097268089612146e-15
0.000000000000000000e+00
0.000000000000000000e+00
4.861305353260490855e-15
0.000000000000000000e+00
4.877834191413865794e-15
6.725508734899539484e-15
0.000000000000000000e+00
0.000000000000000000e+00
6.715894082100648643e-15
0.000000000000000000e+00
6.683902301240862410e-15
2.632210394822363450e-03
1.185599335085096850e-02
1.163652458420727683e-02
2.419994592880225293e-04
0.000000000000000000e+00
0.000000000000000000e+00
0.000000000000000000e+00
0.000000000000000000e+00
0.000000000000000000e+00
0.000000000000000000e+00
0.000000000000000000e+00
0.000000000000000000e+00
0.000000000000000000e+00
1.016122430815781660e-16
0.000000000000000000e+00
0.000000000000000000e+00
1.026036510949289419e-16
0.000000000000000000e+00
1.029425721933525173e-16
1.433722906393086622e-16
0.000000000000000000e+00
0.000000000000000000e+00
1.431745635610267027e-16
0.000000000000000000e+00
1.425185773744046726e-16
0.000000000000000000e+00
0.000000000000000000e+00
0.000000000000000000e+00
0.000000000000000000e+00
3.688990988670396987e-01
0.000000000000000000e+00
0.000000000000000000e+00
2.844920936888784557e-01
0.000000000000000000e+00
0.000000000000000000e+00
8.142718707853642546e-02
0.000000000000000000e+00
0.000000000000000000e+00
0.000000000000000000e+00
0.000000000000000000e+00
0.000000000000000000e+00
0.000000000000000000e+00
0.000000000000000000e+00
0.000000000000000000e+00
0.000000000000000000e+00
0.000000000000000000e+00
0.000000000000000000e+00
0.000000000000000000e+00
0.000000000000000000e+00
0.000000000000000000e+00
0.000000000000000000e+00
0.000000000000000000e+00
0.000000000000000000e+00
0.000000000000000000e+00
0.000000000000000000e+00
3.688990988670396987e-01
0.000000000000000000e+00
0.000000000000000000e+00
2.844920936888784557e-01
0.000000000000000000e+00
0.000000000000000000e+00
8.142718707853642546e-02
0.000000000000000000e+00
0.000000000000000000e+00
0.000000000000000000e+00
0.000000000000000000e+00
0.000000000000000000e+00
0.000000000000000000e+00
0.000000000000000000e+00
0.000000000000000000e+00
0.000000000000000000e+00
0.000000000000000000e+00
0.000000000000000000e+00
0.000000000000000000e+00
0.000000000000000000e+00
0.000000000000000000e+00
0.000000000000000000e+00
0.000000000000000000e+00
0.000000000000000000e+00
0.000000000000000000e+00
0.000000000000000000e+00
3.688990988670396987e-01
0.000000000000000000e+00
0.000000000000000000e+00
2.844920936888784557e-01
0.000000000000000000e+00
0.000000000000000000e+00
8.142718707853642546e-02
0.000000000000000000e+00
0.000000000000000000e+00
0.000000000000000000e+00
0.000000000000000000e+00
0.000000000000000000e+00
0.000000000000000000e+00
0.000000000000000000e+00
0.000000000000000000e+00
0.000000000000000000e+00
0.000000000000000000e+00
0.000000000000000000e+00
0.000000000000000000e+00
0.000000000000000000e+00
0.000000000000000000e+00
0.000000000000000000e+00
0.000000000000000000e+00
2.844920936888784557e-01
0.000000000000000000e+00
0.000000000000000000e+00
2.193980728607114739e-01
0.000000000000000000e+00
0.000000000000000000e+00
6.279600846495478339e-02
0.000000000000000000e+00
0.000000000000000000e+00
0.000000000000000000e+00
0.000000000000000000e+00
0.000000000000000000e+00
0.000000000000000000e+00
0.000000000000000000e+00
0.000000000000000000e+00
0.000000000000000000e+00
0.000000000000000000e+00
0.000000000000000000e+00
0.000000000000000000e+00
0.000000000000000000e+00
0.000000000000000000e+00
0.000000000000000000e+00
0.000000000000000000e+00
0.000000000000000000e+00
0.000000000000000000e+00
0.000000000000000000e+00
2.844920936888784557e-01
0.000000000000000000e+00
0.000000000000000000e+00
2.193980728607114739e-01
0.000000000000000000e+00
0.000000000000000000e+00
6.279600846495478339e-02
0.000000000000000000e+00
0.000000000000000000e+00
0.000000000000000000e+00
0.000000000000000000e+00
0.000000000000000000e+00
0.000000000000000000e+00
0.000000000000000000e+00
0.000000000000000000e+00
0.000000000000000000e+00
0.000000000000000000e+00
0.000000000000000000e+00
0.000000000000000000e+00
0.000000000000000000e+00
0.000000000000000000e+00
0.000000000000000000e+00
0.000000000000000000e+00
0.000000000000000000e+00
0.000000000000000000e+00
0.000000000000000000e+00
2.844920936888784557e-01
0.000000000000000000e+00
0.000000000000000000e+00
2.193980728607114739e-01
0.000000000000000000e+00
0.000000000000000000e+00
6.279600846495478339e-02
0.000000000000000000e+00
0.000000000000000000e+00
0.000000000000000000e+00
0.000000000000000000e+00
0.000000000000000000e+00
0.000000000000000000e+00
0.000000000000000000e+00
0.000000000000000000e+00
0.000000000000000000e+00
0.000000000000000000e+00
0.000000000000000000e+00
0.000000000000000000e+00
0.000000000000000000e+00
0.000000000000000000e+00
0.000000000000000000e+00
0.000000000000000000e+00
8.142718707853642546e-02
0.000000000000000000e+00
0.000000000000000000e+00
6.279600846495478339e-02
0.000000000000000000e+00
0.000000000000000000e+00
1.797344264566155467e-02
0.000000000000000000e+00
0.000000000000000000e+00
0.000000000000000000e+00
0.000000000000000000e+00
0.000000000000000000e+00
0.000000000000000000e+00
0.000000000000000000e+00
0.000000000000000000e+00
0.000000000000000000e+00
0.000000000000000000e+00
0.000000000000000000e+00
0.000000000000000000e+00
0.000000000000000000e+00
0.000000000000000000e+00
0.000000000000000000e+00
0.000000000000000000e+00
0.000000000000000000e+00
0.000000000000000000e+00
0.000000000000000000e+00
8.142718707853642546e-02
0.000000000000000000e+00
0.000000000000000000e+00
6.279600846495478339e-02
0.000000000000000000e+00
0.000000000000000000e+00
1.797344264566155467e-02
0.000000000000000000e+00
0.000000000000000000e+00
0.000000000000000000e+00
0.000000000000000000e+00
0.000000000000000000e+00
0.000000000000000000e+00
0.000000000000000000e+00
0.000000000000000000e+00
0.000000000000000000e+00
0.000000000000000000e+00
0.000000000000000000e+00
0.000000000000000000e+00
0.000000000000000000e+00
0.000000000000000000e+00
0.000000000000000000e+00
0.000000000000000000e+00
0.000000000000000000e+00
0.000000000000000000e+00
0.000000000000000000e+00
8.142718707853642546e-02
0.000000000000000000e+00
0.000000000000000000e+00
6.279600846495478339e-02
0.000000000000000000e+00
0.000000000000000000e+00
1.797344264566155467e-02
0.000000000000000000e+00
0.000000000000000000e+00
0.000000000000000000e+00
0.000000000000000000e+00
0.000000000000000000e+00
0.000000000000000000e+00
0.000000000000000000e+00
0.000000000000000000e+00
0.000000000000000000e+00
0.000000000000000000e+00
0.000000000000000000e+00
0.000000000000000000e+00
2.354140733430370616e-15
4.907707507543989529e-15
4.813097268089612146e-15
1.016122430815781660e-16
0.000000000000000000e+00
0.000000000000000000e+00
0.000000000000000000e+00
0.000000000000000000e+00
0.000000000000000000e+00
0.000000000000000000e+00
0.000000000000000000e+00
0.000000000000000000e+00
0.000000000000000000e+00
4.345581369849158525e-29
0.000000000000000000e+00
0.000000000000000000e+00
4.386628025163376478e-29
0.000000000000000000e+00
4.400607604553452926e-29
6.202649136484340627e-29
0.000000000000000000e+00
0.000000000000000000e+00
6.194462764053179498e-29
0.000000000000000000e+00
6.167405106629871379e-29
0.000000000000000000e+00
0.000000000000000000e+00
0.000000000000000000e+00
0.000000000000000000e+00
0.000000000000000000e+00
0.000000000000000000e+00
0.000000000000000000e+00
0.000000000000000000e+00
0.000000000000000000e+00
0.000000000000000000e+00
0.000000000000000000e+00
0.000000000000000000e+00
0.000000000000000000e+00
0.000000000000000000e+00
0.000000000000000000e+00
0.000000000000000000e+00
0.000000000000000000e+00
0.000000000000000000e+00
0.000000000000000000e+00
0.000000000000000000e+00
0.000000000000000000e+00
0.000000000000000000e+00
0.000000000000000000e+00
0.000000000000000000e+00
0.000000000000000000e+00
0.000000000000000000e+00
0.000000000000000000e+00
0.000000000000000000e+00
0.000000000000000000e+00
0.000000000000000000e+00
0.000000000000000000e+00
0.000000000000000000e+00
0.000000000000000000e+00
0.000000000000000000e+00
0.000000000000000000e+00
0.000000000000000000e+00
0.000000000000000000e+00
0.000000000000000000e+00
0.000000000000000000e+00
0.000000000000000000e+00
0.000000000000000000e+00
0.000000000000000000e+00
0.000000000000000000e+00
0.000000000000000000e+00
0.000000000000000000e+00
0.000000000000000000e+00
0.000000000000000000e+00
0.000000000000000000e+00
0.000000000000000000e+00
0.000000000000000000e+00
2.355738647399812045e-15
4.956796617813232822e-15
4.861305353260490855e-15
1.026036510949289419e-16
0.000000000000000000e+00
0.000000000000000000e+00
0.000000000000000000e+00
0.000000000000000000e+00
0.000000000000000000e+00
0.000000000000000000e+00
0.000000000000000000e+00
0.000000000000000000e+00
0.000000000000000000e+00
4.386628025163376478e-29
0.000000000000000000e+00
0.000000000000000000e+00
4.428085108875852197e-29
0.000000000000000000e+00
4.442205383223387701e-29
6.260041667212328643e-29
0.000000000000000000e+00
0.000000000000000000e+00
6.251773438666490670e-29
0.000000000000000000e+00
6.224443464326206829e-29
0.000000000000000000e+00
0.000000000000000000e+00
0.000000000000000000e+00
0.000000000000000000e+00
0.000000000000000000e+00
0.000000000000000000e+00
0.000000000000000000e+00
0.000000000000000000e+00
0.000000000000000000e+00
0.000000000000000000e+00
0.000000000000000000e+00
0.000000000000000000e+00
0.000000000000000000e+00
0.000000000000000000e+00
0.000000000000000000e+00
0.000000000000000000e+00
0.000000000000000000e+00
0.000000000000000000e+00
0.000000000000000000e+00
0.000000000000000000e+00
0.000000000000000000e+00
0.000000000000000000e+00
0.000000000000000000e+00
0.000000000000000000e+00
0.000000000000000000e+00
2.355454195934368744e-15
4.973625006594477644e-15
4.877834191413865794e-15
1.029425721933525173e-16
0.000000000000000000e+00
0.000000000000000000e+00
0.000000000000000000e+00
0.000000000000000000e+00
0.000000000000000000e+00
0.000000000000000000e+00
0.000000000000000000e+00
0.000000000000000000e+00
0.000000000000000000e+00
4.400607604553452926e-29
0.000000000000000000e+00
0.000000000000000000e+00
4.442205383223387701e-29
0.000000000000000000e+00
4.456373922434950412e-29
6.279540297219747670e-29
0.000000000000000000e+00
0.000000000000000000e+00
6.271244008377348790e-29
0.000000000000000000e+00
6.243820616766061052e-29
4.446025631874485155e-15
6.861214601115343690e-15
6.725508734899539484e-15
1.433722906393086622e-16
0.000000000000000000e+00
0.000000000000000000e+00
0.000000000000000000e+00
0.000000000000000000e+00
0.000000000000000000e+00
0.000000000000000000e+00
0.000000000000000000e+00
0.000000000000000000e+00
0.000000000000000000e+00
6.202649136484340627e-29
0.000000000000000000e+00
0.000000000000000000e+00
6.260041667212328643e-29
0.000000000000000000e+00
6.279540297219747670e-29
8.916214161008008771e-29
0.000000000000000000e+00
0.000000000000000000e+00
8.904767756234964725e-29
0.000000000000000000e+00
8.867027904681270723e-29
0.000000000000000000e+00
0.000000000000000000e+00
0.000000000000000000e+00
0.000000000000000000e+00
0.000000000000000000e+00
0.000000000000000000e+00
0.000000000000000000e+00
0.000000000000000000e+00
0.000000000000000000e+00
0.000000000000000000e+00
0.000000000000000000e+00
0.000000000000000000e+00
0.000000000000000000e+00
0.000000000000000000e+00
0.000000000000000000e+00
0.000000000000000000e+00
0.000000000000000000e+00
0.000000000000000000e+00
0.000000000000000000e+00
0.000000000000000000e+00
0.000000000000000000e+00
0.000000000000000000e+00
0.000000000000000000e+00
0.000000000000000000e+00
0.000000000000000000e+00
0.000000000000000000e+00
0.000000000000000000e+00
0.000000000000000000e+00
0.000000000000000000e+00
0.000000000000000000e+00
0.000000000000000000e+00
0.000000000000000000e+00
0.000000000000000000e+00
0.000000000000000000e+00
0.000000000000000000e+00
0.000000000000000000e+00
0.000000000000000000e+00
0.000000000000000000e+00
0.000000000000000000e+00
0.000000000000000000e+00
0.000000000000000000e+00
0.000000000000000000e+00
0.000000000000000000e+00
0.000000000000000000e+00
0.000000000000000000e+00
0.000000000000000000e+00
0.000000000000000000e+00
0.000000000000000000e+00
0.000000000000000000e+00
0.000000000000000000e+00
4.445706942842048878e-15
6.851424236080676763e-15
6.715894082100648643e-15
1.431745635610267027e-16
0.000000000000000000e+00
0.000000000000000000e+00
0.000000000000000000e+00
0.000000000000000000e+00
0.000000000000000000e+00
0.000000000000000000e+00
0.000000000000000000e+00
0.000000000000000000e+00
0.000000000000000000e+00
6.194462764053179498e-29
0.000000000000000000e+00
0.000000000000000000e+00
6.251773438666490670e-29
0.000000000000000000e+00
6.271244008377348790e-29
8.904767756234964725e-29
0.000000000000000000e+00
0.000000000000000000e+00
8.893337676900262937e-29
0.000000000000000000e+00
8.855652136414903988e-29
0.000000000000000000e+00
0.000000000000000000e+00
0.000000000000000000e+00
0.000000000000000000e+00
0.000000000000000000e+00
0.000000000000000000e+00
0.000000000000000000e+00
0.000000000000000000e+00
0.000000000000000000e+00
0.000000000000000000e+00
0.000000000000000000e+00
0.000000000000000000e+00
0.000000000000000000e+00
0.000000000000000000e+00
0.000000000000000000e+00
0.000000000000000000e+00
0.000000000000000000e+00
0.000000000000000000e+00
0.000000000000000000e+00
0.000000000000000000e+00
0.000000000000000000e+00
0.000000000000000000e+00
0.000000000000000000e+00
0.000000000000000000e+00
0.000000000000000000e+00
4.446257502346794386e-15
6.818852671091218934e-15
6.683902301240862410e-15
1.425185773744046726e-16
0.000000000000000000e+00
0.000000000000000000e+00
0.000000000000000000e+00
0.000000000000000000e+00
0.000000000000000000e+00
0.000000000000000000e+00
0.000000000000000000e+00
0.000000000000000000e+00
0.000000000000000000e+00
6.167405106629871379e-29
0.000000000000000000e+00
0.000000000000000000e+00
6.224443464326206829e-29
0.000000000000000000e+00
6.243820616766061052e-29
8.867027904681270723e-29
0.000000000000000000e+00
0.000000000000000000e+00
8.855652136414903988e-29
0.000000000000000000e+00
8.818147406270522598e-29
