2.002435624844160600e+00
1.144145726782886535e-02
5.031916039679396914e-03
2.432397153558999922e-03
0.000000000000000000e+00
0.000000000000000000e+00
0.000000000000000000e+00
0.000000000000000000e+00
0.000000000000000000e+00
0.000000000000000000e+00
0.000000000000000000e+00
0.000000000000000000e+00
0.000000000000000000e+00
-7.293944666904714220e-16
0.000000000000000000e+00
0.000000000000000000e+00
-7.198673725053417522e-16
0.000000000000000000e+00
-7.197359994117427417e-16
-1.900045954319783108e-15
0.000000000000000000e+00
0.000000000000000000e+00
-1.906813022223668498e-15
0.000000000000000000e+00
-1.907068499463392671e-15
1.144145726782886535e-02
5.694402995563134784e-01
5.755928160183205744e-01
1.497022992284924650e-02
0.000000000000000000e+00
0.000000000000000000e+00
0.000000000000000000e+00
0.000000000000000000e+00
0.000000000000000000e+00
0.000000000000000000e+00
0.000000000000000000e+00
0.000000000000000000e+00
0.000000000000000000e+00
4.916862699279837338e-15
0.000000000000000000e+00
0.000000000000000000e+00
4.964843259458345063e-15
0.000000000000000000e+00
4.969609024811141261e-15
7.527049663206579132e-15
0.000000000000000000e+00
0.000000000000000000e+00
7.518845627437199464e-15
0.000000000000000000e+00
7.509577789220477280e-15
5.031916039679396914e-03
5.755928160183205744e-01
5.818331249129772287e-01
1.512502034018508440e-02
0.000000000000000000e+00
0.000000000000000000e+00
0.000000000000000000e+00
0.000000000000000000e+00
0.000000000000000000e+00
0.000000000000000000e+00
0.000000000000000000e+00
0.000000000000000000e+00
0.000000000000000000e+00
4.972689288251302133e-15
0.000000000000000000e+00
0.000000000000000000e+00
5.021160313223191459e-15
0.000000000000000000e+00
5.025977454059180955e-15
7.615068953044616056e-15
0.000000000000000000e+00
0.000000000000000000e+00
7.606797819739206597e-15
0.000000000000000000e+00
7.597430073190602427e-15
2.432397153558999922e-03
1.497022992284924650e-02
1.512502034018508440e-02
3.958273717519127446e-04
0.000000000000000000e+00
0.000000000000000000e+00
0.000000000000000000e+00
0.000000000000000000e+00
0.000000000000000000e+00
0.000000000000000000e+00
0.000000000000000000e+00
0.000000000000000000e+00
0.000000000000000000e+00
1.283795382652152798e-16
0.000000000000000000e+00
0.000000000000000000e+00
1.296500337104784782e-16
0.000000000000000000e+00
1.297753606249842550e-16
1.956975784182130135e-16
0.000000000000000000e+00
0.000000000000000000e+00
1.954748705093800934e-16
0.000000000000000000e+00
1.952311510893379345e-16
0.000000000000000000e+00
0.000000000000000000e+00
0.000000000000000000e+00
0.000000000000000000e+00
5.700645041050796946e-01
0.000000000000000000e+00
0.000000000000000000e+00
3.991217010763022932e-01
0.000000000000000000e+00
0.000000000000000000e+00
7.065006657224666420e-02
0.000000000000000000e+00
0.000000000000000000e+00
0.000000000000000000e+00
0.000000000000000000e+00
0.000000000000000000e+00
0.000000000000000000e+00
0.000000000000000000e+00
0.000000000000000000e+00
0.000000000000000000e+00
0.000000000000000000e+00
0.000000000000000000e+00
0.000000000000000000e+00
0.000000000000000000e+00
0.000000000000000000e+00
0.000000000000000000e+00
0.000000000000000000e+00
0.000000000000000000e+00
0.000000000000000000e+00
0.000000000000000000e+00
5.700645041050796946e-01
0.000000000000000000e+00
0.000000000000000000e+00
3.991217010763022932e-01
0.000000000000000000e+00
0.000000000000000000e+00
7.065006657224666420e-02
0.000000000000000000e+00
0.000000000000000000e+00
0.000000000000000000e+00
0.000000000000000000e+00
0.000000000000000000e+00
0.000000000000000000e+00
0.000000000000000000e+00
0.000000000000000000e+00
0.000000000000000000e+00
0.000000000000000000e+00
0.000000000000000000e+00
0.000000000000000000e+00
0.000000000000000000e+00
0.000000000000000000e+00
0.000000000000000000e+00
0.000000000000000000e+00
0.000000000000000000e+00
0.000000000000000000e+00
0.000000000000000000e+00
5.700645041050796946e-01
0.000000000000000000e+00
0.000000000000000000e+00
3.991217010763022932e-01
0.000000000000000000e+00
0.000000000000000000e+00
7.065006657224666420e-02
0.000000000000000000e+00
0.000000000000000000e+00
0.000000000000000000e+00
0.000000000000000000e+00
0.000000000000000000e+00
0.000000000000000000e+00
0.000000000000000000e+00
0.000000000000000000e+00
0.000000000000000000e+00
0.000000000000000000e+00
0.000000000000000000e+00
0.000000000000000000e+00
0.000000000000000000e+00
0.000000000000000000e+00
0.000000000000000000e+00
0.000000000000000000e+00
3.991217010763022377e-01
0.000000000000000000e+00
0.000000000000000000e+00
2.794387847742189068e-01
0.000000000000000000e+00
0.000000000000000000e+00
4.946453348421667173e-02
0.000000000000000000e+00
0.000000000000000000e+00
0.000000000000000000e+00
0.000000000000000000e+00
0.000000000000000000e+00
0.000000000000000000e+00
0.000000000000000000e+00
0.000000000000000000e+00
0.000000000000000000e+00
0.000000000000000000e+00
0.000000000000000000e+00
0.000000000000000000e+00
0.000000000000000000e+00
0.000000000000000000e+00
0.000000000000000000e+00
0.000000000000000000e+00
0.000000000000000000e+00
0.000000000000000000e+00
0.000000000000000000e+00
3.991217010763022377e-01
0.000000000000000000e+00
0.000000000000000000e+00
2.794387847742189068e-01
0.000000000000000000e+00
0.000000000000000000e+00
4.946453348421667173e-02
0.000000000000000000e+00
0.000000000000000000e+00
0.000000000000000000e+00
0.000000000000000000e+00
0.000000000000000000e+00
0.000000000000000000e+00
0.000000000000000000e+00
0.000000000000000000e+00
0.000000000000000000e+00
0.000000000000000000e+00
0.000000000000000000e+00
0.000000000000000000e+00
0.000000000000000000e+00
0.000000000000000000e+00
0.000000000000000000e+00
0.000000000000000000e+00
0.000000000000000000e+00
0.000000000000000000e+00
0.000000000000000000e+00
3.991217010763022377e-01
0.000000000000000000e+00
0.000000000000000000e+00
2.794387847742189068e-01
0.000000000000000000e+00
0.000000000000000000e+00
4.946453348421667173e-02
0.000000000000000000e+00
0.000000000000000000e+00
0.000000000000000000e+00
0.000000000000000000e+00
0.000000000000000000e+00
0.000000000000000000e+00
0.000000000000000000e+00
0.000000000000000000e+00
0.000000000000000000e+00
0.000000000000000000e+00
0.000000000000000000e+00
0.000000000000000000e+00
0.000000000000000000e+00
0.000000000000000000e+00
0.000000000000000000e+00
0.000000000000000000e+00
7.065006657224666420e-02
0.000000000000000000e+00
0.000000000000000000e+00
4.946453348421667173e-02
0.000000000000000000e+00
0.000000000000000000e+00
8.755907218778205894e-03
0.000000000000000000e+00
0.000000000000000000e+00
0.000000000000000000e+00
0.000000000000000000e+00
0.000000000000000000e+00
0.000000000000000000e+00
0.000000000000000000e+00
0.000000000000000000e+00
0.000000000000000000e+00
0.000000000000000000e+00
0.000000000000000000e+00
0.000000000000000000e+00
0.000000000000000000e+00
0.000000000000000000e+00
0.000000000000000000e+00
0.000000000000000000e+00
0.000000000000000000e+00
0.000000000000000000e+00
0.000000000000000000e+00
7.065006657224666420e-02
0.000000000000000000e+00
0.000000000000000000e+00
4.946453348421667173e-02
0.000000000000000000e+00
0.000000000000000000e+00
8.755907218778205894e-03
0.000000000000000000e+00
0.000000000000000000e+00
0.000000000000000000e+00
0.000000000000000000e+00
0.000000000000000000e+00
0.000000000000000000e+00
0.000000000000000000e+00
0.000000000000000000e+00
0.000000000000000000e+00
0.000000000000000000e+00
0.000000000000000000e+00
0.000000000000000000e+00
0.000000000000000000e+00
0.000000000000000000e+00
0.000000000000000000e+00
0.000000000000000000e+00
0.000000000000000000e+00
0.000000000000000000e+00
0.000000000000000000e+00
7.065006657224666420e-02
0.000000000000000000e+00
0.000000000000000000e+00
4.946453348421667173e-02
0.000000000000000000e+00
0.000000000000000000e+00
8.755907218778205894e-03
0.000000000000000000e+00
0.000000000000000000e+00
0.000000000000000000e+00
0.000000000000000000e+00
0.000000000000000000e+00
0.000000000000000000e+00
0.000000000000000000e+00
0.000000000000000000e+00
0.000000000000000000e+00
0.000000000000000000e+00
0.000000000000000000e+00
0.000000000000000000e+00
-7.293944666904714220e-16
4.916862699279837338e-15
4.972689288251302133e-15
1.283795382652152798e-16
0.000000000000000000e+00
0.000000000000000000e+00
0.000000000000000000e+00
0.000000000000000000e+00
0.000000000000000000e+00
0.000000000000000000e+00
0.000000000000000000e+00
0.000000000000000000e+00
0.000000000000000000e+00
4.279748224974526883e-29
0.000000000000000000e+00
0.000000000000000000e+00
4.320823096807148062e-29
0.000000000000000000e+00
4.324936649114327548e-29
6.584119906141281253e-29
0.000000000000000000e+00
0.000000000000000000e+00
6.577309180204433074e-29
0.000000000000000000e+00
6.569309680762732611e-29
0.000000000000000000e+00
0.000000000000000000e+00
0.000000000000000000e+00
0.000000000000000000e+00
0.000000000000000000e+00
0.000000000000000000e+00
0.000000000000000000e+00
0.000000000000000000e+00
0.000000000000000000e+00
0.000000000000000000e+00
0.000000000000000000e+00
0.000000000000000000e+00
0.000000000000000000e+00
0.000000000000000000e+00
0.000000000000000000e+00
0.000000000000000000e+00
0.000000000000000000e+00
0.000000000000000000e+00
0.000000000000000000e+00
0.000000000000000000e+00
0.000000000000000000e+00
0.000000000000000000e+00
0.000000000000000000e+00
0.000000000000000000e+00
0.000000000000000000e+00
0.000000000000000000e+00
0.000000000000000000e+00
0.000000000000000000e+00
0.000000000000000000e+00
0.000000000000000000e+00
0.000000000000000000e+00
0.000000000000000000e+00
0.000000000000000000e+00
0.000000000000000000e+00
0.000000000000000000e+00
0.000000000000000000e+00
0.000000000000000000e+00
0.000000000000000000e+00
0.000000000000000000e+00
0.000000000000000000e+00
0.000000000000000000e+00
0.000000000000000000e+00
0.000000000000000000e+00
0.000000000000000000e+00
0.000000000000000000e+00
0.000000000000000000e+00
0.000000000000000000e+00
0.000000000000000000e+00
0.000000000000000000e+00
0.000000000000000000e+00
-7.198673725053417522e-16
4.964843259458345063e-15
5.021160313223191459e-15
1.296500337104784782e-16
0.000000000000000000e+00
0.000000000000000000e+00
0.000000000000000000e+00
0.000000000000000000e+00
0.000000000000000000e+00
0.000000000000000000e+00
0.000000000000000000e+00
0.000000000000000000e+00
0.000000000000000000e+00
4.320823096807148062e-29
0.000000000000000000e+00
0.000000000000000000e+00
4.362305911049323202e-29
0.000000000000000000e+00
4.366459634526854835e-29
6.646664898814721249e-29
0.000000000000000000e+00
0.000000000000000000e+00
6.639782222717780182e-29
0.000000000000000000e+00
6.631704603628922601e-29
0.000000000000000000e+00
0.000000000000000000e+00
0.000000000000000000e+00
0.000000000000000000e+00
0.000000000000000000e+00
0.000000000000000000e+00
0.000000000000000000e+00
0.000000000000000000e+00
0.000000000000000000e+00
0.000000000000000000e+00
0.000000000000000000e+00
0.000000000000000000e+00
0.000000000000000000e+00
0.000000000000000000e+00
0.000000000000000000e+00
0.000000000000000000e+00
0.000000000000000000e+00
0.000000000000000000e+00
0.000000000000000000e+00
0.000000000000000000e+00
0.000000000000000000e+00
0.000000000000000000e+00
0.000000000000000000e+00
0.000000000000000000e+00
0.000000000000000000e+00
-7.197359994117427417e-16
4.969609024811141261e-15
5.025977454059180955e-15
1.297753606249842550e-16
0.000000000000000000e+00
0.000000000000000000e+00
0.000000000000000000e+00
0.000000000000000000e+00
0.000000000000000000e+00
0.000000000000000000e+00
0.000000000000000000e+00
0.000000000000000000e+00
0.000000000000000000e+00
4.324936649114327548e-29
0.000000000000000000e+00
0.000000000000000000e+00
4.366459634526854835e-29
0.000000000000000000e+00
4.370617346636768846e-29
6.652960795601311638e-29
0.000000000000000000e+00
0.000000000000000000e+00
6.646071241630018861e-29
0.000000000000000000e+00
6.637985865969678575e-29
-1.900045954319783108e-15
7.527049663206579132e-15
7.615068953044616056e-15
1.956975784182130135e-16
0.000000000000000000e+00
0.000000000000000000e+00
0.000000000000000000e+00
0.000000000000000000e+00
0.000000000000000000e+00
0.000000000000000000e+00
0.000000000000000000e+00
0.000000000000000000e+00
0.000000000000000000e+00
6.584119906141281253e-29
0.000000000000000000e+00
0.000000000000000000e+00
6.646664898814721249e-29
0.000000000000000000e+00
6.652960795601311638e-29
1.015965876736825223e-28
0.000000000000000000e+00
0.000000000000000000e+00
1.014949080829547467e-28
0.000000000000000000e+00
1.013724737024767615e-28
0.000000000000000000e+00
0.000000000000000000e+00
0.000000000000000000e+00
0.000000000000000000e+00
0.000000000000000000e+00
0.000000000000000000e+00
0.000000000000000000e+00
0.000000000000000000e+00
0.000000000000000000e+00
0.000000000000000000e+00
0.000000000000000000e+00
0.000000000000000000e+00
0.000000000000000000e+00
0.000000000000000000e+00
0.000000000000000000e+00
0.000000000000000000e+00
0.000000000000000000e+00
0.000000000000000000e+00
0.000000000000000000e+00
0.000000000000000000e+00
0.000000000000000000e+00
0.000000000000000000e+00
0.000000000000000000e+00
0.000000000000000000e+00
0.000000000000000000e+00
0.000000000000000000e+00
0.000000000000000000e+00
0.000000000000000000e+00
0.000000000000000000e+00
0.000000000000000000e+00
0.000000000000000000e+00
0.000000000000000000e+00
0.000000000000000000e+00
0.000000000000000000e+00
0.000000000000000000e+00
0.000000000000000000e+00
0.000000000000000000e+00
0.000000000000000000e+00
0.000000000000000000e+00
0.000000000000000000e+00
0.000000000000000000e+00
0.000000000000000000e+00
0.000000000000000000e+00
0.000000000000000000e+00
0.000000000000000000e+00
0.000000000000000000e+00
0.000000000000000000e+00
0.000000000000000000e+00
0.000000000000000000e+00
0.000000000000000000e+00
-1.906813022223668498e-15
7.518845627437199464e-15
7.606797819739206597e-15
1.954748705093800934e-16
0.000000000000000000e+00
0.000000000000000000e+00
0.000000000000000000e+00
0.000000000000000000e+00
0.000000000000000000e+00
0.000000000000000000e+00
0.000000000000000000e+00
0.000000000000000000e+00
0.000000000000000000e+00
6.577309180204433074e-29
0.000000000000000000e+00
0.000000000000000000e+00
6.639782222717780182e-29
0.000000000000000000e+00
6.646071241630018861e-29
1.014949080829547467e-28
0.000000000000000000e+00
0.000000000000000000e+00
1.013933684600472934e-28
0.000000000000000000e+00
1.012710678314896340e-28
0.000000000000000000e+00
0.000000000000000000e+00
0.000000000000000000e+00
0.000000000000000000e+00
0.000000000000000000e+00
0.000000000000000000e+00
0.000000000000000000e+00
0.000000000000000000e+00
0.000000000000000000e+00
0.000000000000000000e+00
0.000000000000000000e+00
0.000000000000000000e+00
0.000000000000000000e+00
0.000000000000000000e+00
0.000000000000000000e+00
0.000000000000000000e+00
0.000000000000000000e+00
0.000000000000000000e+00
0.000000000000000000e+00
0.000000000000000000e+00
0.000000000000000000e+00
0.000000000000000000e+00
0.000000000000000000e+00
0.000000000000000000e+00
0.000000000000000000e+00
-1.907068499463392671e-15
7.509577789220477280e-15
7.597430073190602427e-15
1.952311510893379345e-16
0.000000000000000000e+00
0.000000000000000000e+00
0.000000000000000000e+00
0.000000000000000000e+00
0.000000000000000000e+00
0.000000000000000000e+00
0.000000000000000000e+00
0.000000000000000000e+00
0.000000000000000000e+00
6.569309680762732611e-29
0.000000000000000000e+00
0.000000000000000000e+00
6.631704603628922601e-29
0.000000000000000000e+00
6.637985865969678575e-29
1.013724737024767615e-28
0.000000000000000000e+00
0.000000000000000000e+00
1.012710678314896340e-28
0.000000000000000000e+00
1.011489180426068174e-28
