2.000120946254533738e+00
7.625454132096797953e-04
3.726289607156166740e-03
1.813336325182181774e-03
4.563267945714863058e-04
0.000000000000000000e+00
0.000000000000000000e+00
0.000000000000000000e+00
0.000000000000000000e+00
0.000000000000000000e+00
0.000000000000000000e+00
0.000000000000000000e+00
0.000000000000000000e+00
0.000000000000000000e+00
0.000000000000000000e+00
0.000000000000000000e+00
0.000000000000000000e+00
7.788535003088966169e-16
0.000000000000000000e+00
0.000000000000000000e+00
7.785253416164330907e-16
0.000000000000000000e+00
7.789744876822427401e-16
1.763871192920659079e-15
0.000000000000000000e+00
0.000000000000000000e+00
1.764463201687978824e-15
0.000000000000000000e+00
1.763652927833063423e-15
7.625454132096797953e-04
2.019332291579268190e+00
3.054813049813925527e-02
-7.270129028993280174e-03
9.570072941738791764e-03
0.000000000000000000e+00
0.000000000000000000e+00
0.000000000000000000e+00
0.000000000000000000e+00
0.000000000000000000e+00
0.000000000000000000e+00
0.000000000000000000e+00
0.000000000000000000e+00
0.000000000000000000e+00
0.000000000000000000e+00
0.000000000000000000e+00
0.000000000000000000e+00
-6.854252038090309080e-15
0.000000000000000000e+00
0.000000000000000000e+00
-6.859043197535264588e-15
0.000000000000000000e+00
-6.856055573887930586e-15
-1.427242829014847801e-14
0.000000000000000000e+00
0.000000000000000000e+00
-1.426378488541112268e-14
0.000000000000000000e+00
-1.426917465393865377e-14
3.726289607156166740e-03
3.054813049813925527e-02
6.662496737140666259e-01
5.835784527425872392e-01
1.537841693604347949e-02
0.000000000000000000e+00
0.000000000000000000e+00
0.000000000000000000e+00
0.000000000000000000e+00
0.000000000000000000e+00
0.000000000000000000e+00
0.000000000000000000e+00
0.000000000000000000e+00
0.000000000000000000e+00
0.000000000000000000e+00
0.000000000000000000e+00
0.000000000000000000e+00
-9.049802293075005478e-16
0.000000000000000000e+00
0.000000000000000000e+00
-9.581192940835913358e-16
0.000000000000000000e+00
-8.803918177403040533e-16
-4.069314775669089514e-15
0.000000000000000000e+00
0.000000000000000000e+00
-3.973450204785797315e-15
0.000000000000000000e+00
-4.113673055844386348e-15
1.813336325182181774e-03
-7.270129028993280174e-03
5.835784527425872392e-01
5.117402799684377390e-01
1.332044288858069518e-02
0.000000000000000000e+00
0.000000000000000000e+00
0.000000000000000000e+00
0.000000000000000000e+00
0.000000000000000000e+00
0.000000000000000000e+00
0.000000000000000000e+00
0.000000000000000000e+00
0.000000000000000000e+00
0.000000000000000000e+00
0.000000000000000000e+00
0.000000000000000000e+00
-6.783710484078124774e-16
0.000000000000000000e+00
0.000000000000000000e+00
-7.248766537234520381e-16
0.000000000000000000e+00
-6.567842415515156745e-16
-3.328140972737270331e-15
0.000000000000000000e+00
0.000000000000000000e+00
-3.244243374688886099e-15
0.000000000000000000e+00
-3.367084262099609998e-15
4.563267945714863058e-04
9.570072941738791764e-03
1.537841693604347949e-02
1.332044288858069518e-02
3.939777726186583949e-04
0.000000000000000000e+00
0.000000000000000000e+00
0.000000000000000000e+00
0.000000000000000000e+00
0.000000000000000000e+00
0.000000000000000000e+00
0.000000000000000000e+00
0.000000000000000000e+00
0.000000000000000000e+00
0.000000000000000000e+00
0.000000000000000000e+00
0.000000000000000000e+00
-5.067339258432906912e-17
0.000000000000000000e+00
0.000000000000000000e+00
-5.191030174453859326e-17
0.000000000000000000e+00
-5.011872007251836597e-17
-1.554793683588585347e-16
0.000000000000000000e+00
0.000000000000000000e+00
-1.532479447091436815e-16
0.000000000000000000e+00
-1.564800152943954231e-16
0.000000000000000000e+00
0.000000000000000000e+00
0.000000000000000000e+00
0.000000000000000000e+00
0.000000000000000000e+00
2.000716643731153876e+00
0.000000000000000000e+00
0.000000000000000000e+00
-4.400679140016490812e-03
0.000000000000000000e+00
0.000000000000000000e+00
-8.675481144793576946e-03
0.000000000000000000e+00
0.000000000000000000e+00
5.760084535165403263e-04
0.000000000000000000e+00
0.000000000000000000e+00
0.000000000000000000e+00
0.000000000000000000e+00
0.000000000000000000e+00
0.000000000000000000e+00
0.000000000000000000e+00
0.000000000000000000e+00
0.000000000000000000e+00
0.000000000000000000e+00
0.000000000000000000e+00
0.000000000000000000e+00
0.000000000000000000e+00
0.000000000000000000e+00
0.000000000000000000e+00
0.000000000000000000e+00
0.000000000000000000e+00
0.000000000000000000e+00
0.000000000000000000e+00
0.000000000000000000e+00
2.000716643731153876e+00
0.000000000000000000e+00
0.000000000000000000e+00
-4.400679140016490812e-03
0.000000000000000000e+00
0.000000000000000000e+00
-8.675481144793576946e-03
0.000000000000000000e+00
0.000000000000000000e+00
5.760084535165403263e-04
0.000000000000000000e+00
0.000000000000000000e+00
0.000000000000000000e+00
0.000000000000000000e+00
0.000000000000000000e+00
0.000000000000000000e+00
0.000000000000000000e+00
0.000000000000000000e+00
0.000000000000000000e+00
0.000000000000000000e+00
0.000000000000000000e+00
0.000000000000000000e+00
0.000000000000000000e+00
0.000000000000000000e+00
0.000000000000000000e+00
0.000000000000000000e+00
0.000000000000000000e+00
0.000000000000000000e+00
0.000000000000000000e+00
0.000000000000000000e+00
2.000716643731153876e+00
0.000000000000000000e+00
0.000000000000000000e+00
-4.400679140016493414e-03
0.000000000000000000e+00
0.000000000000000000e+00
-8.675481144793578681e-03
0.000000000000000000e+00
0.000000000000000000e+00
5.760084535165404347e-04
0.000000000000000000e+00
0.000000000000000000e+00
0.000000000000000000e+00
0.000000000000000000e+00
0.000000000000000000e+00
0.000000000000000000e+00
0.000000000000000000e+00
0.000000000000000000e+00
0.000000000000000000e+00
0.000000000000000000e+00
0.000000000000000000e+00
0.000000000000000000e+00
0.000000000000000000e+00
0.000000000000000000e+00
0.000000000000000000e+00
0.000000000000000000e+00
0.000000000000000000e+00
-4.400679140016490812e-03
0.000000000000000000e+00
0.000000000000000000e+00
2.295237563687701488e-01
0.000000000000000000e+00
0.000000000000000000e+00
2.624567184305521272e-01
0.000000000000000000e+00
0.000000000000000000e+00
6.448547708178301030e-02
0.000000000000000000e+00
0.000000000000000000e+00
0.000000000000000000e+00
0.000000000000000000e+00
0.000000000000000000e+00
0.000000000000000000e+00
0.000000000000000000e+00
0.000000000000000000e+00
0.000000000000000000e+00
0.000000000000000000e+00
0.000000000000000000e+00
0.000000000000000000e+00
0.000000000000000000e+00
0.000000000000000000e+00
0.000000000000000000e+00
0.000000000000000000e+00
0.000000000000000000e+00
0.000000000000000000e+00
0.000000000000000000e+00
0.000000000000000000e+00
-4.400679140016490812e-03
0.000000000000000000e+00
0.000000000000000000e+00
2.295237563687701488e-01
0.000000000000000000e+00
0.000000000000000000e+00
2.624567184305521272e-01
0.000000000000000000e+00
0.000000000000000000e+00
6.448547708178301030e-02
0.000000000000000000e+00
0.000000000000000000e+00
0.000000000000000000e+00
0.000000000000000000e+00
0.000000000000000000e+00
0.000000000000000000e+00
0.000000000000000000e+00
0.000000000000000000e+00
0.000000000000000000e+00
0.000000000000000000e+00
0.000000000000000000e+00
0.000000000000000000e+00
0.000000000000000000e+00
0.000000000000000000e+00
0.000000000000000000e+00
0.000000000000000000e+00
0.000000000000000000e+00
0.000000000000000000e+00
0.000000000000000000e+00
0.000000000000000000e+00
-4.400679140016493414e-03
0.000000000000000000e+00
0.000000000000000000e+00
2.295237563687701488e-01
0.000000000000000000e+00
0.000000000000000000e+00
2.624567184305521272e-01
0.000000000000000000e+00
0.000000000000000000e+00
6.448547708178306581e-02
0.000000000000000000e+00
0.000000000000000000e+00
0.000000000000000000e+00
0.000000000000000000e+00
0.000000000000000000e+00
0.000000000000000000e+00
0.000000000000000000e+00
0.000000000000000000e+00
0.000000000000000000e+00
0.000000000000000000e+00
0.000000000000000000e+00
0.000000000000000000e+00
0.000000000000000000e+00
0.000000000000000000e+00
0.000000000000000000e+00
0.000000000000000000e+00
0.000000000000000000e+00
-8.675481144793576946e-03
0.000000000000000000e+00
0.000000000000000000e+00
2.624567184305521272e-01
0.000000000000000000e+00
0.000000000000000000e+00
3.001216650862417734e-01
0.000000000000000000e+00
0.000000000000000000e+00
7.373480379199676138e-02
0.000000000000000000e+00
0.000000000000000000e+00
0.000000000000000000e+00
0.000000000000000000e+00
0.000000000000000000e+00
0.000000000000000000e+00
0.000000000000000000e+00
0.000000000000000000e+00
0.000000000000000000e+00
0.000000000000000000e+00
0.000000000000000000e+00
0.000000000000000000e+00
0.000000000000000000e+00
0.000000000000000000e+00
0.000000000000000000e+00
0.000000000000000000e+00
0.000000000000000000e+00
0.000000000000000000e+00
0.000000000000000000e+00
0.000000000000000000e+00
-8.675481144793576946e-03
0.000000000000000000e+00
0.000000000000000000e+00
2.624567184305521272e-01
0.000000000000000000e+00
0.000000000000000000e+00
3.001216650862417734e-01
0.000000000000000000e+00
0.000000000000000000e+00
7.373480379199676138e-02
0.000000000000000000e+00
0.000000000000000000e+00
0.000000000000000000e+00
0.000000000000000000e+00
0.000000000000000000e+00
0.000000000000000000e+00
0.000000000000000000e+00
0.000000000000000000e+00
0.000000000000000000e+00
0.000000000000000000e+00
0.000000000000000000e+00
0.000000000000000000e+00
0.000000000000000000e+00
0.000000000000000000e+00
0.000000000000000000e+00
0.000000000000000000e+00
0.000000000000000000e+00
0.000000000000000000e+00
0.000000000000000000e+00
0.000000000000000000e+00
-8.675481144793578681e-03
0.000000000000000000e+00
0.000000000000000000e+00
2.624567184305521272e-01
0.000000000000000000e+00
0.000000000000000000e+00
3.001216650862417734e-01
0.000000000000000000e+00
0.000000000000000000e+00
7.373480379199683077e-02
0.000000000000000000e+00
0.000000000000000000e+00
0.000000000000000000e+00
0.000000000000000000e+00
0.000000000000000000e+00
0.000000000000000000e+00
0.000000000000000000e+00
0.000000000000000000e+00
0.000000000000000000e+00
0.000000000000000000e+00
0.000000000000000000e+00
0.000000000000000000e+00
0.000000000000000000e+00
0.000000000000000000e+00
0.000000000000000000e+00
0.000000000000000000e+00
0.000000000000000000e+00
5.760084535165403263e-04
0.000000000000000000e+00
0.000000000000000000e+00
6.448547708178301030e-02
0.000000000000000000e+00
0.000000000000000000e+00
7.373480379199676138e-02
0.000000000000000000e+00
0.000000000000000000e+00
1.811905515926092239e-02
0.000000000000000000e+00
0.000000000000000000e+00
0.000000000000000000e+00
0.000000000000000000e+00
0.000000000000000000e+00
0.000000000000000000e+00
0.000000000000000000e+00
0.000000000000000000e+00
0.000000000000000000e+00
0.000000000000000000e+00
0.000000000000000000e+00
0.000000000000000000e+00
0.000000000000000000e+00
0.000000000000000000e+00
0.000000000000000000e+00
0.000000000000000000e+00
0.000000000000000000e+00
0.000000000000000000e+00
0.000000000000000000e+00
0.000000000000000000e+00
5.760084535165403263e-04
0.000000000000000000e+00
0.000000000000000000e+00
6.448547708178301030e-02
0.000000000000000000e+00
0.000000000000000000e+00
7.373480379199676138e-02
0.000000000000000000e+00
0.000000000000000000e+00
1.811905515926092239e-02
0.000000000000000000e+00
0.000000000000000000e+00
0.000000000000000000e+00
0.000000000000000000e+00
0.000000000000000000e+00
0.000000000000000000e+00
0.000000000000000000e+00
0.000000000000000000e+00
0.000000000000000000e+00
0.000000000000000000e+00
0.000000000000000000e+00
0.000000000000000000e+00
0.000000000000000000e+00
0.000000000000000000e+00
0.000000000000000000e+00
0.000000000000000000e+00
0.000000000000000000e+00
0.000000000000000000e+00
0.000000000000000000e+00
0.000000000000000000e+00
5.760084535165404347e-04
0.000000000000000000e+00
0.000000000000000000e+00
6.448547708178306581e-02
0.000000000000000000e+00
0.000000000000000000e+00
7.373480379199683077e-02
0.000000000000000000e+00
0.000000000000000000e+00
1.811905515926095014e-02
0.000000000000000000e+00
0.000000000000000000e+00
0.000000000000000000e+00
0.000000000000000000e+00
0.000000000000000000e+00
0.000000000000000000e+00
0.000000000000000000e+00
0.000000000000000000e+00
0.000000000000000000e+00
0.000000000000000000e+00
0.000000000000000000e+00
0.000000000000000000e+00
7.788535003088966169e-16
-6.854252038090309080e-15
-9.049802293075005478e-16
-6.783710484078124774e-16
-5.067339258432906912e-17
0.000000000000000000e+00
0.000000000000000000e+00
0.000000000000000000e+00
0.000000000000000000e+00
0.000000000000000000e+00
0.000000000000000000e+00
0.000000000000000000e+00
0.000000000000000000e+00
0.000000000000000000e+00
0.000000000000000000e+00
0.000000000000000000e+00
0.000000000000000000e+00
2.453868241186814733e-29
0.000000000000000000e+00
0.000000000000000000e+00
2.461880005217341269e-29
0.000000000000000000e+00
2.451517248301934388e-29
5.378644597645046673e-29
0.000000000000000000e+00
0.000000000000000000e+00
5.364191119322818338e-29
0.000000000000000000e+00
5.382885863933951091e-29
0.000000000000000000e+00
0.000000000000000000e+00
0.000000000000000000e+00
0.000000000000000000e+00
0.000000000000000000e+00
0.000000000000000000e+00
0.000000000000000000e+00
0.000000000000000000e+00
0.000000000000000000e+00
0.000000000000000000e+00
0.000000000000000000e+00
0.000000000000000000e+00
0.000000000000000000e+00
0.000000000000000000e+00
0.000000000000000000e+00
0.000000000000000000e+00
0.000000000000000000e+00
0.000000000000000000e+00
0.000000000000000000e+00
0.000000000000000000e+00
0.000000000000000000e+00
0.000000000000000000e+00
0.000000000000000000e+00
0.000000000000000000e+00
0.000000000000000000e+00
0.000000000000000000e+00
0.000000000000000000e+00
0.000000000000000000e+00
0.000000000000000000e+00
0.000000000000000000e+00
0.000000000000000000e+00
0.000000000000000000e+00
0.000000000000000000e+00
0.000000000000000000e+00
0.000000000000000000e+00
0.000000000000000000e+00
0.000000000000000000e+00
0.000000000000000000e+00
0.000000000000000000e+00
0.000000000000000000e+00
0.000000000000000000e+00
0.000000000000000000e+00
0.000000000000000000e+00
0.000000000000000000e+00
0.000000000000000000e+00
0.000000000000000000e+00
0.000000000000000000e+00
0.000000000000000000e+00
0.000000000000000000e+00
0.000000000000000000e+00
0.000000000000000000e+00
0.000000000000000000e+00
0.000000000000000000e+00
0.000000000000000000e+00
0.000000000000000000e+00
0.000000000000000000e+00
0.000000000000000000e+00
0.000000000000000000e+00
7.785253416164330907e-16
-6.859043197535264588e-15
-9.581192940835913358e-16
-7.248766537234520381e-16
-5.191030174453859326e-17
0.000000000000000000e+00
0.000000000000000000e+00
0.000000000000000000e+00
0.000000000000000000e+00
0.000000000000000000e+00
0.000000000000000000e+00
0.000000000000000000e+00
0.000000000000000000e+00
0.000000000000000000e+00
0.000000000000000000e+00
0.000000000000000000e+00
0.000000000000000000e+00
2.461880005217341269e-29
0.000000000000000000e+00
0.000000000000000000e+00
2.470315873189116847e-29
0.000000000000000000e+00
2.459333240915500319e-29
5.412741777364150930e-29
0.000000000000000000e+00
0.000000000000000000e+00
5.397523201979920639e-29
0.000000000000000000e+00
5.417336221545011800e-29
0.000000000000000000e+00
0.000000000000000000e+00
0.000000000000000000e+00
0.000000000000000000e+00
0.000000000000000000e+00
0.000000000000000000e+00
0.000000000000000000e+00
0.000000000000000000e+00
0.000000000000000000e+00
0.000000000000000000e+00
0.000000000000000000e+00
0.000000000000000000e+00
0.000000000000000000e+00
0.000000000000000000e+00
0.000000000000000000e+00
0.000000000000000000e+00
0.000000000000000000e+00
0.000000000000000000e+00
0.000000000000000000e+00
0.000000000000000000e+00
0.000000000000000000e+00
0.000000000000000000e+00
0.000000000000000000e+00
0.000000000000000000e+00
0.000000000000000000e+00
0.000000000000000000e+00
0.000000000000000000e+00
0.000000000000000000e+00
0.000000000000000000e+00
7.789744876822427401e-16
-6.856055573887930586e-15
-8.803918177403040533e-16
-6.567842415515156745e-16
-5.011872007251836597e-17
0.000000000000000000e+00
0.000000000000000000e+00
0.000000000000000000e+00
0.000000000000000000e+00
0.000000000000000000e+00
0.000000000000000000e+00
0.000000000000000000e+00
0.000000000000000000e+00
0.000000000000000000e+00
0.000000000000000000e+00
0.000000000000000000e+00
0.000000000000000000e+00
2.451517248301934388e-29
0.000000000000000000e+00
0.000000000000000000e+00
2.459333240915500319e-29
0.000000000000000000e+00
2.449257426389563865e-29
5.365670995254282704e-29
0.000000000000000000e+00
0.000000000000000000e+00
5.351570694824013062e-29
0.000000000000000000e+00
5.369747786195466828e-29
1.763871192920659079e-15
-1.427242829014847801e-14
-4.069314775669089514e-15
-3.328140972737270331e-15
-1.554793683588585347e-16
0.000000000000000000e+00
0.000000000000000000e+00
0.000000000000000000e+00
0.000000000000000000e+00
0.000000000000000000e+00
0.000000000000000000e+00
0.000000000000000000e+00
0.000000000000000000e+00
0.000000000000000000e+00
0.000000000000000000e+00
0.000000000000000000e+00
0.000000000000000000e+00
5.378644597645046673e-29
0.000000000000000000e+00
0.000000000000000000e+00
5.412741777364150930e-29
0.000000000000000000e+00
5.365670995254282704e-29
1.247818454706002630e-28
0.000000000000000000e+00
0.000000000000000000e+00
1.241667214529165244e-28
0.000000000000000000e+00
1.250158934033671646e-28
0.000000000000000000e+00
0.000000000000000000e+00
0.000000000000000000e+00
0.000000000000000000e+00
0.000000000000000000e+00
0.000000000000000000e+00
0.000000000000000000e+00
0.000000000000000000e+00
0.000000000000000000e+00
0.000000000000000000e+00
0.000000000000000000e+00
0.000000000000000000e+00
0.000000000000000000e+00
0.000000000000000000e+00
0.000000000000000000e+00
0.000000000000000000e+00
0.000000000000000000e+00
0.000000000000000000e+00
0.000000000000000000e+00
0.000000000000000000e+00
0.000000000000000000e+00
0.000000000000000000e+00
0.000000000000000000e+00
0.000000000000000000e+00
0.000000000000000000e+00
0.000000000000000000e+00
0.000000000000000000e+00
0.000000000000000000e+00
0.000000000000000000e+00
0.000000000000000000e+00
0.000000000000000000e+00
0.000000000000000000e+00
0.000000000000000000e+00
0.000000000000000000e+00
0.000000000000000000e+00
0.000000000000000000e+00
0.000000000000000000e+00
0.000000000000000000e+00
0.000000000000000000e+00
0.000000000000000000e+00
0.000000000000000000e+00
0.000000000000000000e+00
0.000000000000000000e+00
0.000000000000000000e+00
0.000000000000000000e+00
0.000000000000000000e+00
0.000000000000000000e+00
0.000000000000000000e+00
0.000000000000000000e+00
0.000000000000000000e+00
0.000000000000000000e+00
0.000000000000000000e+00
0.000000000000000000e+00
0.000000000000000000e+00
0.000000000000000000e+00
0.000000000000000000e+00
0.000000000000000000e+00
0.000000000000000000e+00
1.764463201687978824e-15
-1.426378488541112268e-14
-3.973450204785797315e-15
-3.244243374688886099e-15
-1.532479447091436815e-16
0.000000000000000000e+00
0.000000000000000000e+00
0.000000000000000000e+00
0.000000000000000000e+00
0.000000000000000000e+00
0.000000000000000000e+00
0.000000000000000000e+00
0.000000000000000000e+00
0.000000000000000000e+00
0.000000000000000000e+00
0.000000000000000000e+00
0.000000000000000000e+00
5.364191119322818338e-29
0.000000000000000000e+00
0.000000000000000000e+00
5.397523201979920639e-29
0.000000000000000000e+00
5.351570694824013062e-29
1.241667214529165244e-28
0.000000000000000000e+00
0.000000000000000000e+00
1.235654000307135539e-28
0.000000000000000000e+00
1.243943979436566429e-28
0.000000000000000000e+00
0.000000000000000000e+00
0.000000000000000000e+00
0.000000000000000000e+00
0.000000000000000000e+00
0.000000000000000000e+00
0.000000000000000000e+00
0.000000000000000000e+00
0.000000000000000000e+00
0.000000000000000000e+00
0.000000000000000000e+00
0.000000000000000000e+00
0.000000000000000000e+00
0.000000000000000000e+00
0.000000000000000000e+00
0.000000000000000000e+00
0.000000000000000000e+00
0.000000000000000000e+00
0.000000000000000000e+00
0.000000000000000000e+00
0.000000000000000000e+00
0.000000000000000000e+00
0.000000000000000000e+00
0.000000000000000000e+00
0.000000000000000000e+00
0.000000000000000000e+00
0.000000000000000000e+00
0.000000000000000000e+00
0.000000000000000000e+00
1.763652927833063423e-15
-1.426917465393865377e-14
-4.113673055844386348e-15
-3.367084262099609998e-15
-1.564800152943954231e-16
0.000000000000000000e+00
0.000000000000000000e+00
0.000000000000000000e+00
0.000000000000000000e+00
0.000000000000000000e+00
0.000000000000000000e+00
0.000000000000000000e+00
0.000000000000000000e+00
0.000000000000000000e+00
0.000000000000000000e+00
0.000000000000000000e+00
0.000000000000000000e+00
5.382885863933951091e-29
0.000000000000000000e+00
0.000000000000000000e+00
5.417336221545011800e-29
0.000000000000000000e+00
5.369747786195466828e-29
1.250158934033671646e-28
0.000000000000000000e+00
0.000000000000000000e+00
1.243943979436566429e-28
0.000000000000000000e+00
1.252529085239640882e-28
