2.000126624825974364e+00
7.315459413054432088e-04
2.631338763102099732e-03
9.080321073851895224e-04
4.378953190779990971e-04
0.000000000000000000e+00
0.000000000000000000e+00
0.000000000000000000e+00
0.000000000000000000e+00
0.000000000000000000e+00
0.000000000000000000e+00
0.000000000000000000e+00
0.000000000000000000e+00
0.000000000000000000e+00
0.000000000000000000e+00
0.000000000000000000e+00
0.000000000000000000e+00
-1.024833423264361750e-15
0.000000000000000000e+00
0.000000000000000000e+00
-1.024838651105626375e-15
0.000000000000000000e+00
-1.024860024977750225e-15
-1.956456995048668372e-15
0.000000000000000000e+00
0.000000000000000000e+00
-1.956447958413739995e-15
0.000000000000000000e+00
-1.956411012403019795e-15
7.315459413054432088e-04
2.019303176619442031e+00
2.163594833475083329e-02
-1.313611643171472623e-02
8.688838748061141620e-03
0.000000000000000000e+00
0.000000000000000000e+00
0.000000000000000000e+00
0.000000000000000000e+00
0.000000000000000000e+00
0.000000000000000000e+00
0.000000000000000000e+00
0.000000000000000000e+00
0.000000000000000000e+00
0.000000000000000000e+00
0.000000000000000000e+00
0.000000000000000000e+00
-8.085806414609573996e-15
0.000000000000000000e+00
0.000000000000000000e+00
-8.085659148394208035e-15
0.000000000000000000e+00
-8.086112039302534538e-15
-1.348381085530301482e-14
0.000000000000000000e+00
0.000000000000000000e+00
-1.348406541372556746e-14
0.000000000000000000e+00
-1.348328256482215091e-14
2.631338763102099732e-03
2.163594833475083329e-02
6.389551390646438511e-01
5.930428573247854551e-01
1.502612085824490962e-02
0.000000000000000000e+00
0.000000000000000000e+00
0.000000000000000000e+00
0.000000000000000000e+00
0.000000000000000000e+00
0.000000000000000000e+00
0.000000000000000000e+00
0.000000000000000000e+00
0.000000000000000000e+00
0.000000000000000000e+00
0.000000000000000000e+00
0.000000000000000000e+00
1.043608520325010261e-14
0.000000000000000000e+00
0.000000000000000000e+00
1.043982112703314610e-14
0.000000000000000000e+00
1.042898135367224993e-14
1.472956450381936182e-14
0.000000000000000000e+00
0.000000000000000000e+00
1.472310673709669696e-14
0.000000000000000000e+00
1.474184393082880549e-14
9.080321073851895224e-04
-1.313611643171472623e-02
5.930428573247854551e-01
5.509773973684827242e-01
1.381152086680604782e-02
0.000000000000000000e+00
0.000000000000000000e+00
0.000000000000000000e+00
0.000000000000000000e+00
0.000000000000000000e+00
0.000000000000000000e+00
0.000000000000000000e+00
0.000000000000000000e+00
0.000000000000000000e+00
0.000000000000000000e+00
0.000000000000000000e+00
0.000000000000000000e+00
9.825883560005221057e-15
0.000000000000000000e+00
0.000000000000000000e+00
9.829350712091465243e-15
0.000000000000000000e+00
9.819291228201188119e-15
1.390279712426532905e-14
0.000000000000000000e+00
0.000000000000000000e+00
1.389680394542517374e-14
0.000000000000000000e+00
1.391419236234328939e-14
4.378953190779990971e-04
8.688838748061141620e-03
1.502612085824490962e-02
1.381152086680604782e-02
3.865832683613277566e-04
0.000000000000000000e+00
0.000000000000000000e+00
0.000000000000000000e+00
0.000000000000000000e+00
0.000000000000000000e+00
0.000000000000000000e+00
0.000000000000000000e+00
0.000000000000000000e+00
0.000000000000000000e+00
0.000000000000000000e+00
0.000000000000000000e+00
0.000000000000000000e+00
2.110246378886957825e-16
0.000000000000000000e+00
0.000000000000000000e+00
2.111125748018456572e-16
0.000000000000000000e+00
2.108573155165835462e-16
2.893522696232330243e-16
0.000000000000000000e+00
0.000000000000000000e+00
2.892002654324594620e-16
0.000000000000000000e+00
2.896414963070025326e-16
0.000000000000000000e+00
0.000000000000000000e+00
0.000000000000000000e+00
0.000000000000000000e+00
0.000000000000000000e+00
1.999830157600222647e+00
0.000000000000000000e+00
0.000000000000000000e+00
-3.421223290224844737e-03
0.000000000000000000e+00
0.000000000000000000e+00
-2.376538892313771138e-03
0.000000000000000000e+00
0.000000000000000000e+00
5.014811717580662303e-05
0.000000000000000000e+00
0.000000000000000000e+00
0.000000000000000000e+00
0.000000000000000000e+00
0.000000000000000000e+00
0.000000000000000000e+00
0.000000000000000000e+00
0.000000000000000000e+00
0.000000000000000000e+00
0.000000000000000000e+00
0.000000000000000000e+00
0.000000000000000000e+00
0.000000000000000000e+00
0.000000000000000000e+00
0.000000000000000000e+00
0.000000000000000000e+00
0.000000000000000000e+00
0.000000000000000000e+00
0.000000000000000000e+00
0.000000000000000000e+00
1.999830157600222647e+00
0.000000000000000000e+00
0.000000000000000000e+00
-3.421223290224844737e-03
0.000000000000000000e+00
0.000000000000000000e+00
-2.376538892313771138e-03
0.000000000000000000e+00
0.000000000000000000e+00
5.014811717580662303e-05
0.000000000000000000e+00
0.000000000000000000e+00
0.000000000000000000e+00
0.000000000000000000e+00
0.000000000000000000e+00
0.000000000000000000e+00
0.000000000000000000e+00
0.000000000000000000e+00
0.000000000000000000e+00
0.000000000000000000e+00
0.000000000000000000e+00
0.000000000000000000e+00
0.000000000000000000e+00
0.000000000000000000e+00
0.000000000000000000e+00
0.000000000000000000e+00
0.000000000000000000e+00
0.000000000000000000e+00
0.000000000000000000e+00
0.000000000000000000e+00
1.999830157600222647e+00
0.000000000000000000e+00
0.000000000000000000e+00
-3.421223290224849074e-03
0.000000000000000000e+00
0.000000000000000000e+00
-2.376538892313765500e-03
0.000000000000000000e+00
0.000000000000000000e+00
5.014811717579756994e-05
0.000000000000000000e+00
0.000000000000000000e+00
0.000000000000000000e+00
0.000000000000000000e+00
0.000000000000000000e+00
0.000000000000000000e+00
0.000000000000000000e+00
0.000000000000000000e+00
0.000000000000000000e+00
0.000000000000000000e+00
0.000000000000000000e+00
0.000000000000000000e+00
0.000000000000000000e+00
0.000000000000000000e+00
0.000000000000000000e+00
0.000000000000000000e+00
0.000000000000000000e+00
-3.421223290224844303e-03
0.000000000000000000e+00
0.000000000000000000e+00
4.004185519234181312e-01
0.000000000000000000e+00
0.000000000000000000e+00
3.836058410169411181e-01
0.000000000000000000e+00
0.000000000000000000e+00
5.217043436224865632e-02
0.000000000000000000e+00
0.000000000000000000e+00
0.000000000000000000e+00
0.000000000000000000e+00
0.000000000000000000e+00
0.000000000000000000e+00
0.000000000000000000e+00
0.000000000000000000e+00
0.000000000000000000e+00
0.000000000000000000e+00
0.000000000000000000e+00
0.000000000000000000e+00
0.000000000000000000e+00
0.000000000000000000e+00
0.000000000000000000e+00
0.000000000000000000e+00
0.000000000000000000e+00
0.000000000000000000e+00
0.000000000000000000e+00
0.000000000000000000e+00
-3.421223290224844303e-03
0.000000000000000000e+00
0.000000000000000000e+00
4.004185519234181312e-01
0.000000000000000000e+00
0.000000000000000000e+00
3.836058410169411181e-01
0.000000000000000000e+00
0.000000000000000000e+00
5.217043436224865632e-02
0.000000000000000000e+00
0.000000000000000000e+00
0.000000000000000000e+00
0.000000000000000000e+00
0.000000000000000000e+00
0.000000000000000000e+00
0.000000000000000000e+00
0.000000000000000000e+00
0.000000000000000000e+00
0.000000000000000000e+00
0.000000000000000000e+00
0.000000000000000000e+00
0.000000000000000000e+00
0.000000000000000000e+00
0.000000000000000000e+00
0.000000000000000000e+00
0.000000000000000000e+00
0.000000000000000000e+00
0.000000000000000000e+00
0.000000000000000000e+00
-3.421223290224849074e-03
0.000000000000000000e+00
0.000000000000000000e+00
4.004185519234181312e-01
0.000000000000000000e+00
0.000000000000000000e+00
3.836058410169411181e-01
0.000000000000000000e+00
0.000000000000000000e+00
5.217043436224872571e-02
0.000000000000000000e+00
0.000000000000000000e+00
0.000000000000000000e+00
0.000000000000000000e+00
0.000000000000000000e+00
0.000000000000000000e+00
0.000000000000000000e+00
0.000000000000000000e+00
0.000000000000000000e+00
0.000000000000000000e+00
0.000000000000000000e+00
0.000000000000000000e+00
0.000000000000000000e+00
0.000000000000000000e+00
0.000000000000000000e+00
0.000000000000000000e+00
0.000000000000000000e+00
-2.376538892313771138e-03
0.000000000000000000e+00
0.000000000000000000e+00
3.836058410169411736e-01
0.000000000000000000e+00
0.000000000000000000e+00
3.674994655323014503e-01
0.000000000000000000e+00
0.000000000000000000e+00
4.998013383836968221e-02
0.000000000000000000e+00
0.000000000000000000e+00
0.000000000000000000e+00
0.000000000000000000e+00
0.000000000000000000e+00
0.000000000000000000e+00
0.000000000000000000e+00
0.000000000000000000e+00
0.000000000000000000e+00
0.000000000000000000e+00
0.000000000000000000e+00
0.000000000000000000e+00
0.000000000000000000e+00
0.000000000000000000e+00
0.000000000000000000e+00
0.000000000000000000e+00
0.000000000000000000e+00
0.000000000000000000e+00
0.000000000000000000e+00
0.000000000000000000e+00
-2.376538892313771138e-03
0.000000000000000000e+00
0.000000000000000000e+00
3.836058410169411736e-01
0.000000000000000000e+00
0.000000000000000000e+00
3.674994655323014503e-01
0.000000000000000000e+00
0.000000000000000000e+00
4.998013383836968221e-02
0.000000000000000000e+00
0.000000000000000000e+00
0.000000000000000000e+00
0.000000000000000000e+00
0.000000000000000000e+00
0.000000000000000000e+00
0.000000000000000000e+00
0.000000000000000000e+00
0.000000000000000000e+00
0.000000000000000000e+00
0.000000000000000000e+00
0.000000000000000000e+00
0.000000000000000000e+00
0.000000000000000000e+00
0.000000000000000000e+00
0.000000000000000000e+00
0.000000000000000000e+00
0.000000000000000000e+00
0.000000000000000000e+00
0.000000000000000000e+00
-2.376538892313765500e-03
0.000000000000000000e+00
0.000000000000000000e+00
3.836058410169411736e-01
0.000000000000000000e+00
0.000000000000000000e+00
3.674994655323014503e-01
0.000000000000000000e+00
0.000000000000000000e+00
4.998013383836974466e-02
0.000000000000000000e+00
0.000000000000000000e+00
0.000000000000000000e+00
0.000000000000000000e+00
0.000000000000000000e+00
0.000000000000000000e+00
0.000000000000000000e+00
0.000000000000000000e+00
0.000000000000000000e+00
0.000000000000000000e+00
0.000000000000000000e+00
0.000000000000000000e+00
0.000000000000000000e+00
0.000000000000000000e+00
0.000000000000000000e+00
0.000000000000000000e+00
0.000000000000000000e+00
5.014811717580665014e-05
0.000000000000000000e+00
0.000000000000000000e+00
5.217043436224865632e-02
0.000000000000000000e+00
0.000000000000000000e+00
4.998013383836967527e-02
0.000000000000000000e+00
0.000000000000000000e+00
6.797395994497364147e-03
0.000000000000000000e+00
0.000000000000000000e+00
0.000000000000000000e+00
0.000000000000000000e+00
0.000000000000000000e+00
0.000000000000000000e+00
0.000000000000000000e+00
0.000000000000000000e+00
0.000000000000000000e+00
0.000000000000000000e+00
0.000000000000000000e+00
0.000000000000000000e+00
0.000000000000000000e+00
0.000000000000000000e+00
0.000000000000000000e+00
0.000000000000000000e+00
0.000000000000000000e+00
0.000000000000000000e+00
0.000000000000000000e+00
0.000000000000000000e+00
5.014811717580665014e-05
0.000000000000000000e+00
0.000000000000000000e+00
5.217043436224865632e-02
0.000000000000000000e+00
0.000000000000000000e+00
4.998013383836967527e-02
0.000000000000000000e+00
0.000000000000000000e+00
6.797395994497364147e-03
0.000000000000000000e+00
0.000000000000000000e+00
0.000000000000000000e+00
0.000000000000000000e+00
0.000000000000000000e+00
0.000000000000000000e+00
0.000000000000000000e+00
0.000000000000000000e+00
0.000000000000000000e+00
0.000000000000000000e+00
0.000000000000000000e+00
0.000000000000000000e+00
0.000000000000000000e+00
0.000000000000000000e+00
0.000000000000000000e+00
0.000000000000000000e+00
0.000000000000000000e+00
0.000000000000000000e+00
0.000000000000000000e+00
0.000000000000000000e+00
5.014811717579759705e-05
0.000000000000000000e+00
0.000000000000000000e+00
5.217043436224873265e-02
0.000000000000000000e+00
0.000000000000000000e+00
4.998013383836975160e-02
0.000000000000000000e+00
0.000000000000000000e+00
6.797395994497383229e-03
0.000000000000000000e+00
0.000000000000000000e+00
0.000000000000000000e+00
0.000000000000000000e+00
0.000000000000000000e+00
0.000000000000000000e+00
0.000000000000000000e+00
0.000000000000000000e+00
0.000000000000000000e+00
0.000000000000000000e+00
0.000000000000000000e+00
0.000000000000000000e+00
-1.024833423264361750e-15
-8.085806414609573996e-15
1.043608520325010261e-14
9.825883560005221057e-15
2.110246378886957825e-16
0.000000000000000000e+00
0.000000000000000000e+00
0.000000000000000000e+00
0.000000000000000000e+00
0.000000000000000000e+00
0.000000000000000000e+00
0.000000000000000000e+00
0.000000000000000000e+00
0.000000000000000000e+00
0.000000000000000000e+00
0.000000000000000000e+00
0.000000000000000000e+00
2.063026335603536386e-28
0.000000000000000000e+00
0.000000000000000000e+00
2.063635767619528635e-28
0.000000000000000000e+00
2.061868766940418307e-28
3.001084865873702940e-28
0.000000000000000000e+00
0.000000000000000000e+00
3.000031426344110544e-28
0.000000000000000000e+00
3.003085792237838078e-28
0.000000000000000000e+00
0.000000000000000000e+00
0.000000000000000000e+00
0.000000000000000000e+00
0.000000000000000000e+00
0.000000000000000000e+00
0.000000000000000000e+00
0.000000000000000000e+00
0.000000000000000000e+00
0.000000000000000000e+00
0.000000000000000000e+00
0.000000000000000000e+00
0.000000000000000000e+00
0.000000000000000000e+00
0.000000000000000000e+00
0.000000000000000000e+00
0.000000000000000000e+00
0.000000000000000000e+00
0.000000000000000000e+00
0.000000000000000000e+00
0.000000000000000000e+00
0.000000000000000000e+00
0.000000000000000000e+00
0.000000000000000000e+00
0.000000000000000000e+00
0.000000000000000000e+00
0.000000000000000000e+00
0.000000000000000000e+00
0.000000000000000000e+00
0.000000000000000000e+00
0.000000000000000000e+00
0.000000000000000000e+00
0.000000000000000000e+00
0.000000000000000000e+00
0.000000000000000000e+00
0.000000000000000000e+00
0.000000000000000000e+00
0.000000000000000000e+00
0.000000000000000000e+00
0.000000000000000000e+00
0.000000000000000000e+00
0.000000000000000000e+00
0.000000000000000000e+00
0.000000000000000000e+00
0.000000000000000000e+00
0.000000000000000000e+00
0.000000000000000000e+00
0.000000000000000000e+00
0.000000000000000000e+00
0.000000000000000000e+00
0.000000000000000000e+00
0.000000000000000000e+00
0.000000000000000000e+00
0.000000000000000000e+00
0.000000000000000000e+00
0.000000000000000000e+00
0.000000000000000000e+00
0.000000000000000000e+00
-1.024838651105626375e-15
-8.085659148394208035e-15
1.043982112703314610e-14
9.829350712091465243e-15
2.111125748018456572e-16
0.000000000000000000e+00
0.000000000000000000e+00
0.000000000000000000e+00
0.000000000000000000e+00
0.000000000000000000e+00
0.000000000000000000e+00
0.000000000000000000e+00
0.000000000000000000e+00
0.000000000000000000e+00
0.000000000000000000e+00
0.000000000000000000e+00
0.000000000000000000e+00
2.063635767619528635e-28
0.000000000000000000e+00
0.000000000000000000e+00
2.064245418076502863e-28
0.000000000000000000e+00
2.062477783592572374e-28
3.001944861979944433e-28
0.000000000000000000e+00
0.000000000000000000e+00
3.000891044862107561e-28
0.000000000000000000e+00
3.003946506325207889e-28
0.000000000000000000e+00
0.000000000000000000e+00
0.000000000000000000e+00
0.000000000000000000e+00
0.000000000000000000e+00
0.000000000000000000e+00
0.000000000000000000e+00
0.000000000000000000e+00
0.000000000000000000e+00
0.000000000000000000e+00
0.000000000000000000e+00
0.000000000000000000e+00
0.000000000000000000e+00
0.000000000000000000e+00
0.000000000000000000e+00
0.000000000000000000e+00
0.000000000000000000e+00
0.000000000000000000e+00
0.000000000000000000e+00
0.000000000000000000e+00
0.000000000000000000e+00
0.000000000000000000e+00
0.000000000000000000e+00
0.000000000000000000e+00
0.000000000000000000e+00
0.000000000000000000e+00
0.000000000000000000e+00
0.000000000000000000e+00
0.000000000000000000e+00
-1.024860024977750225e-15
-8.086112039302534538e-15
1.042898135367224993e-14
9.819291228201188119e-15
2.108573155165835462e-16
0.000000000000000000e+00
0.000000000000000000e+00
0.000000000000000000e+00
0.000000000000000000e+00
0.000000000000000000e+00
0.000000000000000000e+00
0.000000000000000000e+00
0.000000000000000000e+00
0.000000000000000000e+00
0.000000000000000000e+00
0.000000000000000000e+00
0.000000000000000000e+00
2.061868766940418307e-28
0.000000000000000000e+00
0.000000000000000000e+00
2.062477783592572374e-28
0.000000000000000000e+00
2.060711988098347606e-28
2.999451726289261175e-28
0.000000000000000000e+00
0.000000000000000000e+00
2.998399004740796649e-28
0.000000000000000000e+00
3.001451287400684846e-28
-1.956456995048668372e-15
-1.348381085530301482e-14
1.472956450381936182e-14
1.390279712426532905e-14
2.893522696232330243e-16
0.000000000000000000e+00
0.000000000000000000e+00
0.000000000000000000e+00
0.000000000000000000e+00
0.000000000000000000e+00
0.000000000000000000e+00
0.000000000000000000e+00
0.000000000000000000e+00
0.000000000000000000e+00
0.000000000000000000e+00
0.000000000000000000e+00
0.000000000000000000e+00
3.001084865873702940e-28
0.000000000000000000e+00
0.000000000000000000e+00
3.001944861979944433e-28
0.000000000000000000e+00
2.999451726289261175e-28
4.384366232826974153e-28
0.000000000000000000e+00
0.000000000000000000e+00
4.382879678347005282e-28
0.000000000000000000e+00
4.387189211847519530e-28
0.000000000000000000e+00
0.000000000000000000e+00
0.000000000000000000e+00
0.000000000000000000e+00
0.000000000000000000e+00
0.000000000000000000e+00
0.000000000000000000e+00
0.000000000000000000e+00
0.000000000000000000e+00
0.000000000000000000e+00
0.000000000000000000e+00
0.000000000000000000e+00
0.000000000000000000e+00
0.000000000000000000e+00
0.000000000000000000e+00
0.000000000000000000e+00
0.000000000000000000e+00
0.000000000000000000e+00
0.000000000000000000e+00
0.000000000000000000e+00
0.000000000000000000e+00
0.000000000000000000e+00
0.000000000000000000e+00
0.000000000000000000e+00
0.000000000000000000e+00
0.000000000000000000e+00
0.000000000000000000e+00
0.000000000000000000e+00
0.000000000000000000e+00
0.000000000000000000e+00
0.000000000000000000e+00
0.000000000000000000e+00
0.000000000000000000e+00
0.000000000000000000e+00
0.000000000000000000e+00
0.000000000000000000e+00
0.000000000000000000e+00
0.000000000000000000e+00
0.000000000000000000e+00
0.000000000000000000e+00
0.000000000000000000e+00
0.000000000000000000e+00
0.000000000000000000e+00
0.000000000000000000e+00
0.000000000000000000e+00
0.000000000000000000e+00
0.000000000000000000e+00
0.000000000000000000e+00
0.000000000000000000e+00
0.000000000000000000e+00
0.000000000000000000e+00
0.000000000000000000e+00
0.000000000000000000e+00
0.000000000000000000e+00
0.000000000000000000e+00
0.000000000000000000e+00
0.000000000000000000e+00
0.000000000000000000e+00
-1.956447958413739995e-15
-1.348406541372556746e-14
1.472310673709669696e-14
1.389680394542517374e-14
2.892002654324594620e-16
0.000000000000000000e+00
0.000000000000000000e+00
0.000000000000000000e+00
0.000000000000000000e+00
0.000000000000000000e+00
0.000000000000000000e+00
0.000000000000000000e+00
0.000000000000000000e+00
0.000000000000000000e+00
0.000000000000000000e+00
0.000000000000000000e+00
0.000000000000000000e+00
3.000031426344110544e-28
0.000000000000000000e+00
0.000000000000000000e+00
3.000891044862107561e-28
0.000000000000000000e+00
2.998399004740796649e-28
4.382879678347005282e-28
0.000000000000000000e+00
0.000000000000000000e+00
4.381393776550800581e-28
0.000000000000000000e+00
4.385701416294416393e-28
0.000000000000000000e+00
0.000000000000000000e+00
0.000000000000000000e+00
0.000000000000000000e+00
0.000000000000000000e+00
0.000000000000000000e+00
0.000000000000000000e+00
0.000000000000000000e+00
0.000000000000000000e+00
0.000000000000000000e+00
0.000000000000000000e+00
0.000000000000000000e+00
0.000000000000000000e+00
0.000000000000000000e+00
0.000000000000000000e+00
0.000000000000000000e+00
0.000000000000000000e+00
0.000000000000000000e+00
0.000000000000000000e+00
0.000000000000000000e+00
0.000000000000000000e+00
0.000000000000000000e+00
0.000000000000000000e+00
0.000000000000000000e+00
0.000000000000000000e+00
0.000000000000000000e+00
0.000000000000000000e+00
0.000000000000000000e+00
0.000000000000000000e+00
-1.956411012403019795e-15
-1.348328256482215091e-14
1.474184393082880549e-14
1.391419236234328939e-14
2.896414963070025326e-16
0.000000000000000000e+00
0.000000000000000000e+00
0.000000000000000000e+00
0.000000000000000000e+00
0.000000000000000000e+00
0.000000000000000000e+00
0.000000000000000000e+00
0.000000000000000000e+00
0.000000000000000000e+00
0.000000000000000000e+00
0.000000000000000000e+00
0.000000000000000000e+00
3.003085792237838078e-28
0.000000000000000000e+00
0.000000000000000000e+00
3.003946506325207889e-28
0.000000000000000000e+00
3.001451287400684846e-28
4.387189211847519530e-28
0.000000000000000000e+00
0.000000000000000000e+00
4.385701416294416393e-28
0.000000000000000000e+00
4.390014550788673456e-28
