2.249155411141478211e+00
-7.720834739485817888e-01
1.602431544826203313e-01
0.000000000000000000e+00
0.000000000000000000e+00
0.000000000000000000e+00
0.000000000000000000e+00
0.000000000000000000e+00
0.000000000000000000e+00
-7.720834739485817888e-01
2.396271105482401964e+00
-5.838623101374775803e-01
0.000000000000000000e+00
0.000000000000000000e+00
0.000000000000000000e+00
0.000000000000000000e+00
0.000000000000000000e+00
0.000000000000000000e+00
1.602431544826203313e-01
-5.838623101374775803e-01
2.142649226193736212e+00
0.000000000000000000e+00
0.000000000000000000e+00
0.000000000000000000e+00
0.000000000000000000e+00
0.000000000000000000e+00
0.000000000000000000e+00
0.000000000000000000e+00
0.000000000000000000e+00
0.000000000000000000e+00
2.038051316296839222e+00
0.000000000000000000e+00
0.000000000000000000e+00
-2.207816818477919552e-01
0.000000000000000000e+00
0.000000000000000000e+00
0.000000000000000000e+00
0.000000000000000000e+00
0.000000000000000000e+00
0.000000000000000000e+00
2.038051316296839222e+00
0.000000000000000000e+00
0.000000000000000000e+00
-2.207816818477919552e-01
0.000000000000000000e+00
0.000000000000000000e+00
0.000000000000000000e+00
0.000000000000000000e+00
0.000000000000000000e+00
0.000000000000000000e+00
2.038051316296839222e+00
0.000000000000000000e+00
0.000000000000000000e+00
-2.207816818477919552e-01
0.000000000000000000e+00
0.000000000000000000e+00
0.000000000000000000e+00
-2.207816818477919552e-01
0.000000000000000000e+00
0.000000000000000000e+00
1.077825172216183125e+00
0.000000000000000000e+00
0.000000000000000000e+00
0.000000000000000000e+00
0.000000000000000000e+00
0.000000000000000000e+00
0.000000000000000000e+00
-2.207816818477919552e-01
0.000000000000000000e+00
0.000000000000000000e+00
1.077825172216183125e+00
0.000000000000000000e+00
0.000000000000000000e+00
0.000000000000000000e+00
0.000000000000000000e+00
0.000000000000000000e+00
0.000000000000000000e+00
-2.207816818477919552e-01
0.000000000000000000e+00
0.000000000000000000e+00
1.077825172216183125e+00
