2.266012440735638123e+00
-7.997119954493019378e-01
1.621169949195850335e-01
0.000000000000000000e+00
0.000000000000000000e+00
0.000000000000000000e+00
0.000000000000000000e+00
0.000000000000000000e+00
0.000000000000000000e+00
-7.997119954493019378e-01
2.407847475337645982e+00
-5.739458454133521403e-01
0.000000000000000000e+00
0.000000000000000000e+00
0.000000000000000000e+00
0.000000000000000000e+00
0.000000000000000000e+00
0.000000000000000000e+00
1.621169949195850335e-01
-5.739458454133521403e-01
2.137214647115104338e+00
0.000000000000000000e+00
0.000000000000000000e+00
0.000000000000000000e+00
0.000000000000000000e+00
0.000000000000000000e+00
0.000000000000000000e+00
0.000000000000000000e+00
0.000000000000000000e+00
0.000000000000000000e+00
2.075087623077870980e+00
0.000000000000000000e+00
0.000000000000000000e+00
-3.331607917234569727e-01
0.000000000000000000e+00
0.000000000000000000e+00
0.000000000000000000e+00
0.000000000000000000e+00
0.000000000000000000e+00
0.000000000000000000e+00
2.075087623077870980e+00
0.000000000000000000e+00
0.000000000000000000e+00
-3.331607917234569727e-01
0.000000000000000000e+00
0.000000000000000000e+00
0.000000000000000000e+00
0.000000000000000000e+00
0.000000000000000000e+00
0.000000000000000000e+00
2.075087623077870980e+00
0.000000000000000000e+00
0.000000000000000000e+00
-3.331607917234569727e-01
0.000000000000000000e+00
0.000000000000000000e+00
0.000000000000000000e+00
-3.331607917234569727e-01
0.000000000000000000e+00
0.000000000000000000e+00
1.429729877701615193e+00
0.000000000000000000e+00
0.000000000000000000e+00
0.000000000000000000e+00
0.000000000000000000e+00
0.000000000000000000e+00
0.000000000000000000e+00
-3.331607917234569727e-01
0.000000000000000000e+00
0.000000000000000000e+00
1.429729877701615193e+00
0.000000000000000000e+00
0.000000000000000000e+00
0.000000000000000000e+00
0.000000000000000000e+00
0.000000000000000000e+00
0.000000000000000000e+00
-3.331607917234569727e-01
0.000000000000000000e+00
0.000000000000000000e+00
1.429729877701615193e+00
