2.000418794273325140e+00
2.164305959315818725e-04
-4.656489332161894762e-04
-1.641968360685124723e-03
-4.681656970296328929e-04
0.000000000000000000e+00
0.000000000000000000e+00
0.000000000000000000e+00
0.000000000000000000e+00
0.000000000000000000e+00
0.000000000000000000e+00
0.000000000000000000e+00
0.000000000000000000e+00
0.000000000000000000e+00
0.000000000000000000e+00
0.000000000000000000e+00
0.000000000000000000e+00
-3.588436502725334792e-15
0.000000000000000000e+00
0.000000000000000000e+00
-3.588839408351904957e-15
0.000000000000000000e+00
-3.588756642598548227e-15
-3.145089309882180586e-15
0.000000000000000000e+00
0.000000000000000000e+00
-3.144419132095921466e-15
0.000000000000000000e+00
-3.144556801479780930e-15
0.000000000000000000e+00
0.000000000000000000e+00
0.000000000000000000e+00
0.000000000000000000e+00
0.000000000000000000e+00
0.000000000000000000e+00
0.000000000000000000e+00
0.000000000000000000e+00
0.000000000000000000e+00
0.000000000000000000e+00
2.164305959315818725e-04
1.833651526408000665e+00
1.171069613456753771e-03
1.141023016281069724e-01
4.370133817825968409e-03
0.000000000000000000e+00
0.000000000000000000e+00
0.000000000000000000e+00
0.000000000000000000e+00
0.000000000000000000e+00
0.000000000000000000e+00
0.000000000000000000e+00
0.000000000000000000e+00
0.000000000000000000e+00
0.000000000000000000e+00
0.000000000000000000e+00
0.000000000000000000e+00
3.555852035729048697e-14
0.000000000000000000e+00
0.000000000000000000e+00
3.557885818955210725e-14
0.000000000000000000e+00
3.557870034710582120e-14
4.041424964082636019e-14
0.000000000000000000e+00
0.000000000000000000e+00
4.038042046966678737e-14
0.000000000000000000e+00
4.038068301874592643e-14
0.000000000000000000e+00
0.000000000000000000e+00
0.000000000000000000e+00
0.000000000000000000e+00
0.000000000000000000e+00
0.000000000000000000e+00
0.000000000000000000e+00
0.000000000000000000e+00
0.000000000000000000e+00
0.000000000000000000e+00
-4.656489332161894762e-04
1.171069613456753771e-03
8.180094947525482496e-01
1.099912219666245444e-01
4.916783286758812377e-01
0.000000000000000000e+00
0.000000000000000000e+00
0.000000000000000000e+00
0.000000000000000000e+00
0.000000000000000000e+00
0.000000000000000000e+00
0.000000000000000000e+00
0.000000000000000000e+00
0.000000000000000000e+00
0.000000000000000000e+00
0.000000000000000000e+00
0.000000000000000000e+00
-2.752981561817407625e-14
0.000000000000000000e+00
0.000000000000000000e+00
-2.756639502306581811e-14
0.000000000000000000e+00
-2.772597997308449520e-14
-2.717400974890572845e-14
0.000000000000000000e+00
0.000000000000000000e+00
-2.711316496795369212e-14
0.000000000000000000e+00
-2.684771747486665293e-14
0.000000000000000000e+00
0.000000000000000000e+00
0.000000000000000000e+00
0.000000000000000000e+00
0.000000000000000000e+00
0.000000000000000000e+00
0.000000000000000000e+00
0.000000000000000000e+00
0.000000000000000000e+00
0.000000000000000000e+00
-1.641968360685124723e-03
1.141023016281069724e-01
1.099912219666245444e-01
2.187155818886421174e-02
6.634004329266182665e-02
0.000000000000000000e+00
0.000000000000000000e+00
0.000000000000000000e+00
0.000000000000000000e+00
0.000000000000000000e+00
0.000000000000000000e+00
0.000000000000000000e+00
0.000000000000000000e+00
0.000000000000000000e+00
0.000000000000000000e+00
0.000000000000000000e+00
0.000000000000000000e+00
-1.486750754805624093e-15
0.000000000000000000e+00
0.000000000000000000e+00
-1.490401889318568909e-15
0.000000000000000000e+00
-1.511855611696711695e-15
-1.137552869677653676e-15
0.000000000000000000e+00
0.000000000000000000e+00
-1.131479712382611630e-15
0.000000000000000000e+00
-1.095794412346505020e-15
0.000000000000000000e+00
0.000000000000000000e+00
0.000000000000000000e+00
0.000000000000000000e+00
0.000000000000000000e+00
0.000000000000000000e+00
0.000000000000000000e+00
0.000000000000000000e+00
0.000000000000000000e+00
0.000000000000000000e+00
-4.681656970296328929e-04
4.370133817825968409e-03
4.916783286758812377e-01
6.634004329266182665e-02
2.955388553767203663e-01
0.000000000000000000e+00
0.000000000000000000e+00
0.000000000000000000e+00
0.000000000000000000e+00
0.000000000000000000e+00
0.000000000000000000e+00
0.000000000000000000e+00
0.000000000000000000e+00
0.000000000000000000e+00
0.000000000000000000e+00
0.000000000000000000e+00
0.000000000000000000e+00
-1.647574173686820590e-14
0.000000000000000000e+00
0.000000000000000000e+00
-1.649768759293909429e-14
0.000000000000000000e+00
-1.659360866217208640e-14
-1.625221279831071369e-14
0.000000000000000000e+00
0.000000000000000000e+00
-1.621570890194088060e-14
0.000000000000000000e+00
-1.605615746955864715e-14
0.000000000000000000e+00
0.000000000000000000e+00
0.000000000000000000e+00
0.000000000000000000e+00
0.000000000000000000e+00
0.000000000000000000e+00
0.000000000000000000e+00
0.000000000000000000e+00
0.000000000000000000e+00
0.000000000000000000e+00
0.000000000000000000e+00
0.000000000000000000e+00
0.000000000000000000e+00
0.000000000000000000e+00
0.000000000000000000e+00
1.846532175118994701e+00
0.000000000000000000e+00
0.000000000000000000e+00
-1.233516696321832959e-02
0.000000000000000000e+00
0.000000000000000000e+00
1.435907628225666366e-01
0.000000000000000000e+00
0.000000000000000000e+00
-1.034778897757084731e-02
0.000000000000000000e+00
0.000000000000000000e+00
0.000000000000000000e+00
0.000000000000000000e+00
0.000000000000000000e+00
0.000000000000000000e+00
0.000000000000000000e+00
0.000000000000000000e+00
0.000000000000000000e+00
0.000000000000000000e+00
0.000000000000000000e+00
0.000000000000000000e+00
0.000000000000000000e+00
0.000000000000000000e+00
-4.803372631492050837e-14
0.000000000000000000e+00
0.000000000000000000e+00
-4.806383236409960624e-14
0.000000000000000000e+00
-4.816352758694975013e-14
0.000000000000000000e+00
0.000000000000000000e+00
0.000000000000000000e+00
0.000000000000000000e+00
0.000000000000000000e+00
0.000000000000000000e+00
0.000000000000000000e+00
0.000000000000000000e+00
0.000000000000000000e+00
0.000000000000000000e+00
1.846532175118990482e+00
0.000000000000000000e+00
0.000000000000000000e+00
-1.233516696322327355e-02
0.000000000000000000e+00
0.000000000000000000e+00
1.435907628225678301e-01
0.000000000000000000e+00
0.000000000000000000e+00
-1.034778897757045873e-02
0.000000000000000000e+00
0.000000000000000000e+00
0.000000000000000000e+00
0.000000000000000000e+00
0.000000000000000000e+00
0.000000000000000000e+00
0.000000000000000000e+00
0.000000000000000000e+00
0.000000000000000000e+00
0.000000000000000000e+00
0.000000000000000000e+00
0.000000000000000000e+00
0.000000000000000000e+00
0.000000000000000000e+00
-4.625285182416529232e-14
0.000000000000000000e+00
0.000000000000000000e+00
0.000000000000000000e+00
0.000000000000000000e+00
-4.621209678650582803e-14
0.000000000000000000e+00
-4.636605625255210760e-14
0.000000000000000000e+00
0.000000000000000000e+00
0.000000000000000000e+00
0.000000000000000000e+00
0.000000000000000000e+00
0.000000000000000000e+00
0.000000000000000000e+00
0.000000000000000000e+00
1.846532175119007357e+00
0.000000000000000000e+00
0.000000000000000000e+00
-1.233516696320991271e-02
0.000000000000000000e+00
0.000000000000000000e+00
1.435907628225611132e-01
0.000000000000000000e+00
0.000000000000000000e+00
-1.034778897757881490e-02
0.000000000000000000e+00
0.000000000000000000e+00
0.000000000000000000e+00
0.000000000000000000e+00
0.000000000000000000e+00
0.000000000000000000e+00
0.000000000000000000e+00
0.000000000000000000e+00
0.000000000000000000e+00
0.000000000000000000e+00
0.000000000000000000e+00
0.000000000000000000e+00
0.000000000000000000e+00
0.000000000000000000e+00
-5.346780600448791381e-14
0.000000000000000000e+00
0.000000000000000000e+00
0.000000000000000000e+00
0.000000000000000000e+00
-5.345808841942150658e-14
0.000000000000000000e+00
-5.340221469543394095e-14
0.000000000000000000e+00
0.000000000000000000e+00
0.000000000000000000e+00
0.000000000000000000e+00
0.000000000000000000e+00
-1.233516696321832959e-02
0.000000000000000000e+00
0.000000000000000000e+00
2.344098655640152740e-01
0.000000000000000000e+00
0.000000000000000000e+00
7.240373202090474858e-02
0.000000000000000000e+00
0.000000000000000000e+00
2.552587398476617864e-01
0.000000000000000000e+00
0.000000000000000000e+00
0.000000000000000000e+00
0.000000000000000000e+00
0.000000000000000000e+00
0.000000000000000000e+00
0.000000000000000000e+00
0.000000000000000000e+00
0.000000000000000000e+00
0.000000000000000000e+00
0.000000000000000000e+00
0.000000000000000000e+00
0.000000000000000000e+00
0.000000000000000000e+00
-5.304649700245487182e-15
0.000000000000000000e+00
0.000000000000000000e+00
-5.304647798476084347e-15
0.000000000000000000e+00
-5.529208623896314982e-15
0.000000000000000000e+00
0.000000000000000000e+00
0.000000000000000000e+00
0.000000000000000000e+00
0.000000000000000000e+00
0.000000000000000000e+00
0.000000000000000000e+00
0.000000000000000000e+00
0.000000000000000000e+00
0.000000000000000000e+00
-1.233516696322327355e-02
0.000000000000000000e+00
0.000000000000000000e+00
2.344098655640152740e-01
0.000000000000000000e+00
0.000000000000000000e+00
7.240373202090436000e-02
0.000000000000000000e+00
0.000000000000000000e+00
2.552587398476617864e-01
0.000000000000000000e+00
0.000000000000000000e+00
0.000000000000000000e+00
0.000000000000000000e+00
0.000000000000000000e+00
0.000000000000000000e+00
0.000000000000000000e+00
0.000000000000000000e+00
0.000000000000000000e+00
0.000000000000000000e+00
0.000000000000000000e+00
0.000000000000000000e+00
0.000000000000000000e+00
0.000000000000000000e+00
-5.304762196328529564e-15
0.000000000000000000e+00
0.000000000000000000e+00
0.000000000000000000e+00
0.000000000000000000e+00
-5.304764770784018649e-15
0.000000000000000000e+00
-5.529322168385583623e-15
0.000000000000000000e+00
0.000000000000000000e+00
0.000000000000000000e+00
0.000000000000000000e+00
0.000000000000000000e+00
0.000000000000000000e+00
0.000000000000000000e+00
0.000000000000000000e+00
-1.233516696320991271e-02
0.000000000000000000e+00
0.000000000000000000e+00
2.344098655639866302e-01
0.000000000000000000e+00
0.000000000000000000e+00
7.240373202090540083e-02
0.000000000000000000e+00
0.000000000000000000e+00
2.552587398476473535e-01
0.000000000000000000e+00
0.000000000000000000e+00
0.000000000000000000e+00
0.000000000000000000e+00
0.000000000000000000e+00
0.000000000000000000e+00
0.000000000000000000e+00
0.000000000000000000e+00
0.000000000000000000e+00
0.000000000000000000e+00
0.000000000000000000e+00
0.000000000000000000e+00
0.000000000000000000e+00
0.000000000000000000e+00
-3.505584530094612657e-16
0.000000000000000000e+00
0.000000000000000000e+00
0.000000000000000000e+00
0.000000000000000000e+00
-2.950049076353442396e-16
0.000000000000000000e+00
3.373365173497916961e-18
0.000000000000000000e+00
0.000000000000000000e+00
0.000000000000000000e+00
0.000000000000000000e+00
0.000000000000000000e+00
1.435907628225666366e-01
0.000000000000000000e+00
0.000000000000000000e+00
7.240373202090474858e-02
0.000000000000000000e+00
0.000000000000000000e+00
3.413433861453650520e-02
0.000000000000000000e+00
0.000000000000000000e+00
7.908977074622354497e-02
0.000000000000000000e+00
0.000000000000000000e+00
0.000000000000000000e+00
0.000000000000000000e+00
0.000000000000000000e+00
0.000000000000000000e+00
0.000000000000000000e+00
0.000000000000000000e+00
0.000000000000000000e+00
0.000000000000000000e+00
0.000000000000000000e+00
0.000000000000000000e+00
0.000000000000000000e+00
0.000000000000000000e+00
-5.496449331906154313e-15
0.000000000000000000e+00
0.000000000000000000e+00
-5.498852819424614410e-15
0.000000000000000000e+00
-5.577119080673692301e-15
0.000000000000000000e+00
0.000000000000000000e+00
0.000000000000000000e+00
0.000000000000000000e+00
0.000000000000000000e+00
0.000000000000000000e+00
0.000000000000000000e+00
0.000000000000000000e+00
0.000000000000000000e+00
0.000000000000000000e+00
1.435907628225678301e-01
0.000000000000000000e+00
0.000000000000000000e+00
7.240373202090436000e-02
0.000000000000000000e+00
0.000000000000000000e+00
3.413433861453672030e-02
0.000000000000000000e+00
0.000000000000000000e+00
7.908977074622358661e-02
0.000000000000000000e+00
0.000000000000000000e+00
0.000000000000000000e+00
0.000000000000000000e+00
0.000000000000000000e+00
0.000000000000000000e+00
0.000000000000000000e+00
0.000000000000000000e+00
0.000000000000000000e+00
0.000000000000000000e+00
0.000000000000000000e+00
0.000000000000000000e+00
0.000000000000000000e+00
0.000000000000000000e+00
-5.354274927519462412e-15
0.000000000000000000e+00
0.000000000000000000e+00
0.000000000000000000e+00
0.000000000000000000e+00
-5.351021288234339663e-15
0.000000000000000000e+00
-5.433619683216567903e-15
0.000000000000000000e+00
0.000000000000000000e+00
0.000000000000000000e+00
0.000000000000000000e+00
0.000000000000000000e+00
0.000000000000000000e+00
0.000000000000000000e+00
0.000000000000000000e+00
1.435907628225611132e-01
0.000000000000000000e+00
0.000000000000000000e+00
7.240373202090540083e-02
0.000000000000000000e+00
0.000000000000000000e+00
3.413433861453833706e-02
0.000000000000000000e+00
0.000000000000000000e+00
7.908977074622813852e-02
0.000000000000000000e+00
0.000000000000000000e+00
0.000000000000000000e+00
0.000000000000000000e+00
0.000000000000000000e+00
0.000000000000000000e+00
0.000000000000000000e+00
0.000000000000000000e+00
0.000000000000000000e+00
0.000000000000000000e+00
0.000000000000000000e+00
0.000000000000000000e+00
0.000000000000000000e+00
0.000000000000000000e+00
-4.379360755034292664e-15
0.000000000000000000e+00
0.000000000000000000e+00
0.000000000000000000e+00
0.000000000000000000e+00
-4.361192135545560211e-15
0.000000000000000000e+00
-4.263314515800342208e-15
0.000000000000000000e+00
0.000000000000000000e+00
0.000000000000000000e+00
0.000000000000000000e+00
0.000000000000000000e+00
-1.034778897757084731e-02
0.000000000000000000e+00
0.000000000000000000e+00
2.552587398476617864e-01
0.000000000000000000e+00
0.000000000000000000e+00
7.908977074622354497e-02
0.000000000000000000e+00
0.000000000000000000e+00
2.779671082199693388e-01
0.000000000000000000e+00
0.000000000000000000e+00
0.000000000000000000e+00
0.000000000000000000e+00
0.000000000000000000e+00
0.000000000000000000e+00
0.000000000000000000e+00
0.000000000000000000e+00
0.000000000000000000e+00
0.000000000000000000e+00
0.000000000000000000e+00
0.000000000000000000e+00
0.000000000000000000e+00
0.000000000000000000e+00
-5.857187036408402842e-15
0.000000000000000000e+00
0.000000000000000000e+00
-5.857235272881443593e-15
0.000000000000000000e+00
-6.101955317621609133e-15
0.000000000000000000e+00
0.000000000000000000e+00
0.000000000000000000e+00
0.000000000000000000e+00
0.000000000000000000e+00
0.000000000000000000e+00
0.000000000000000000e+00
0.000000000000000000e+00
0.000000000000000000e+00
0.000000000000000000e+00
-1.034778897757045873e-02
0.000000000000000000e+00
0.000000000000000000e+00
2.552587398476617864e-01
0.000000000000000000e+00
0.000000000000000000e+00
7.908977074622358661e-02
0.000000000000000000e+00
0.000000000000000000e+00
2.779671082199693388e-01
0.000000000000000000e+00
0.000000000000000000e+00
0.000000000000000000e+00
0.000000000000000000e+00
0.000000000000000000e+00
0.000000000000000000e+00
0.000000000000000000e+00
0.000000000000000000e+00
0.000000000000000000e+00
0.000000000000000000e+00
0.000000000000000000e+00
0.000000000000000000e+00
0.000000000000000000e+00
0.000000000000000000e+00
-5.854333686111420550e-15
0.000000000000000000e+00
0.000000000000000000e+00
0.000000000000000000e+00
0.000000000000000000e+00
-5.854268387630583561e-15
0.000000000000000000e+00
-6.099075375552448504e-15
0.000000000000000000e+00
0.000000000000000000e+00
0.000000000000000000e+00
0.000000000000000000e+00
0.000000000000000000e+00
0.000000000000000000e+00
0.000000000000000000e+00
0.000000000000000000e+00
-1.034778897757881490e-02
0.000000000000000000e+00
0.000000000000000000e+00
2.552587398476473535e-01
0.000000000000000000e+00
0.000000000000000000e+00
7.908977074622813852e-02
0.000000000000000000e+00
0.000000000000000000e+00
2.779671082199719478e-01
0.000000000000000000e+00
0.000000000000000000e+00
0.000000000000000000e+00
0.000000000000000000e+00
0.000000000000000000e+00
0.000000000000000000e+00
0.000000000000000000e+00
0.000000000000000000e+00
0.000000000000000000e+00
0.000000000000000000e+00
0.000000000000000000e+00
0.000000000000000000e+00
0.000000000000000000e+00
0.000000000000000000e+00
-4.711139593702328686e-16
0.000000000000000000e+00
0.000000000000000000e+00
0.000000000000000000e+00
0.000000000000000000e+00
-4.105982493043693150e-16
0.000000000000000000e+00
-8.556202357419249580e-17
-3.588436502725334792e-15
3.555852035729048697e-14
-2.752981561817407625e-14
-1.486750754805624093e-15
-1.647574173686820590e-14
0.000000000000000000e+00
0.000000000000000000e+00
0.000000000000000000e+00
0.000000000000000000e+00
0.000000000000000000e+00
0.000000000000000000e+00
0.000000000000000000e+00
0.000000000000000000e+00
0.000000000000000000e+00
0.000000000000000000e+00
0.000000000000000000e+00
0.000000000000000000e+00
1.624102345364941545e-27
0.000000000000000000e+00
0.000000000000000000e+00
1.625730030027436127e-27
0.000000000000000000e+00
1.631102189773844141e-27
1.705586589607732636e-27
0.000000000000000000e+00
0.000000000000000000e+00
1.702879161287300266e-27
0.000000000000000000e+00
1.693943316541412845e-27
0.000000000000000000e+00
0.000000000000000000e+00
0.000000000000000000e+00
0.000000000000000000e+00
0.000000000000000000e+00
0.000000000000000000e+00
0.000000000000000000e+00
0.000000000000000000e+00
0.000000000000000000e+00
0.000000000000000000e+00
0.000000000000000000e+00
0.000000000000000000e+00
0.000000000000000000e+00
0.000000000000000000e+00
0.000000000000000000e+00
0.000000000000000000e+00
0.000000000000000000e+00
0.000000000000000000e+00
0.000000000000000000e+00
0.000000000000000000e+00
0.000000000000000000e+00
0.000000000000000000e+00
0.000000000000000000e+00
0.000000000000000000e+00
0.000000000000000000e+00
0.000000000000000000e+00
0.000000000000000000e+00
0.000000000000000000e+00
0.000000000000000000e+00
0.000000000000000000e+00
0.000000000000000000e+00
0.000000000000000000e+00
0.000000000000000000e+00
0.000000000000000000e+00
0.000000000000000000e+00
0.000000000000000000e+00
0.000000000000000000e+00
0.000000000000000000e+00
0.000000000000000000e+00
0.000000000000000000e+00
0.000000000000000000e+00
0.000000000000000000e+00
0.000000000000000000e+00
0.000000000000000000e+00
0.000000000000000000e+00
0.000000000000000000e+00
0.000000000000000000e+00
0.000000000000000000e+00
0.000000000000000000e+00
0.000000000000000000e+00
0.000000000000000000e+00
0.000000000000000000e+00
0.000000000000000000e+00
0.000000000000000000e+00
0.000000000000000000e+00
0.000000000000000000e+00
0.000000000000000000e+00
0.000000000000000000e+00
0.000000000000000000e+00
0.000000000000000000e+00
0.000000000000000000e+00
0.000000000000000000e+00
0.000000000000000000e+00
0.000000000000000000e+00
0.000000000000000000e+00
0.000000000000000000e+00
0.000000000000000000e+00
0.000000000000000000e+00
0.000000000000000000e+00
0.000000000000000000e+00
0.000000000000000000e+00
0.000000000000000000e+00
0.000000000000000000e+00
0.000000000000000000e+00
0.000000000000000000e+00
0.000000000000000000e+00
0.000000000000000000e+00
0.000000000000000000e+00
0.000000000000000000e+00
0.000000000000000000e+00
0.000000000000000000e+00
0.000000000000000000e+00
0.000000000000000000e+00
0.000000000000000000e+00
0.000000000000000000e+00
0.000000000000000000e+00
0.000000000000000000e+00
0.000000000000000000e+00
-3.588839408351904957e-15
3.557885818955210725e-14
-2.756639502306581811e-14
-1.490401889318568909e-15
-1.649768759293909429e-14
0.000000000000000000e+00
0.000000000000000000e+00
0.000000000000000000e+00
0.000000000000000000e+00
0.000000000000000000e+00
0.000000000000000000e+00
0.000000000000000000e+00
0.000000000000000000e+00
0.000000000000000000e+00
0.000000000000000000e+00
0.000000000000000000e+00
0.000000000000000000e+00
1.625730030027436127e-27
0.000000000000000000e+00
0.000000000000000000e+00
1.627359577262337068e-27
0.000000000000000000e+00
1.632738874048514788e-27
1.707252259208084444e-27
0.000000000000000000e+00
0.000000000000000000e+00
1.704541732756054725e-27
0.000000000000000000e+00
1.695594016531592972e-27
0.000000000000000000e+00
0.000000000000000000e+00
0.000000000000000000e+00
0.000000000000000000e+00
0.000000000000000000e+00
0.000000000000000000e+00
0.000000000000000000e+00
0.000000000000000000e+00
0.000000000000000000e+00
0.000000000000000000e+00
0.000000000000000000e+00
0.000000000000000000e+00
0.000000000000000000e+00
0.000000000000000000e+00
0.000000000000000000e+00
0.000000000000000000e+00
0.000000000000000000e+00
0.000000000000000000e+00
0.000000000000000000e+00
0.000000000000000000e+00
0.000000000000000000e+00
0.000000000000000000e+00
0.000000000000000000e+00
0.000000000000000000e+00
0.000000000000000000e+00
0.000000000000000000e+00
0.000000000000000000e+00
0.000000000000000000e+00
0.000000000000000000e+00
0.000000000000000000e+00
0.000000000000000000e+00
0.000000000000000000e+00
0.000000000000000000e+00
0.000000000000000000e+00
0.000000000000000000e+00
0.000000000000000000e+00
0.000000000000000000e+00
0.000000000000000000e+00
0.000000000000000000e+00
0.000000000000000000e+00
0.000000000000000000e+00
0.000000000000000000e+00
0.000000000000000000e+00
0.000000000000000000e+00
0.000000000000000000e+00
0.000000000000000000e+00
0.000000000000000000e+00
0.000000000000000000e+00
0.000000000000000000e+00
-3.588756642598548227e-15
3.557870034710582120e-14
-2.772597997308449520e-14
-1.511855611696711695e-15
-1.659360866217208640e-14
0.000000000000000000e+00
0.000000000000000000e+00
0.000000000000000000e+00
0.000000000000000000e+00
0.000000000000000000e+00
0.000000000000000000e+00
0.000000000000000000e+00
0.000000000000000000e+00
0.000000000000000000e+00
0.000000000000000000e+00
0.000000000000000000e+00
0.000000000000000000e+00
1.631102189773844141e-27
0.000000000000000000e+00
0.000000000000000000e+00
1.632738874048514788e-27
0.000000000000000000e+00
1.638149304163446999e-27
1.712555190216970013e-27
0.000000000000000000e+00
0.000000000000000000e+00
1.709832792286365961e-27
0.000000000000000000e+00
1.700833290075391251e-27
0.000000000000000000e+00
0.000000000000000000e+00
0.000000000000000000e+00
0.000000000000000000e+00
0.000000000000000000e+00
0.000000000000000000e+00
0.000000000000000000e+00
0.000000000000000000e+00
0.000000000000000000e+00
0.000000000000000000e+00
-3.145089309882180586e-15
4.041424964082636019e-14
-2.717400974890572845e-14
-1.137552869677653676e-15
-1.625221279831071369e-14
0.000000000000000000e+00
0.000000000000000000e+00
0.000000000000000000e+00
0.000000000000000000e+00
0.000000000000000000e+00
0.000000000000000000e+00
0.000000000000000000e+00
0.000000000000000000e+00
0.000000000000000000e+00
0.000000000000000000e+00
0.000000000000000000e+00
0.000000000000000000e+00
1.705586589607732636e-27
0.000000000000000000e+00
0.000000000000000000e+00
1.707252259208084444e-27
0.000000000000000000e+00
1.712555190216970013e-27
1.800179557927250888e-27
0.000000000000000000e+00
0.000000000000000000e+00
1.797408946916168842e-27
0.000000000000000000e+00
1.788588254600525107e-27
0.000000000000000000e+00
0.000000000000000000e+00
0.000000000000000000e+00
0.000000000000000000e+00
0.000000000000000000e+00
0.000000000000000000e+00
0.000000000000000000e+00
0.000000000000000000e+00
0.000000000000000000e+00
0.000000000000000000e+00
0.000000000000000000e+00
0.000000000000000000e+00
0.000000000000000000e+00
0.000000000000000000e+00
0.000000000000000000e+00
0.000000000000000000e+00
0.000000000000000000e+00
0.000000000000000000e+00
0.000000000000000000e+00
0.000000000000000000e+00
0.000000000000000000e+00
0.000000000000000000e+00
0.000000000000000000e+00
0.000000000000000000e+00
0.000000000000000000e+00
0.000000000000000000e+00
0.000000000000000000e+00
0.000000000000000000e+00
0.000000000000000000e+00
0.000000000000000000e+00
0.000000000000000000e+00
0.000000000000000000e+00
0.000000000000000000e+00
0.000000000000000000e+00
0.000000000000000000e+00
0.000000000000000000e+00
0.000000000000000000e+00
0.000000000000000000e+00
0.000000000000000000e+00
0.000000000000000000e+00
0.000000000000000000e+00
0.000000000000000000e+00
0.000000000000000000e+00
0.000000000000000000e+00
0.000000000000000000e+00
0.000000000000000000e+00
0.000000000000000000e+00
0.000000000000000000e+00
0.000000000000000000e+00
0.000000000000000000e+00
0.000000000000000000e+00
0.000000000000000000e+00
0.000000000000000000e+00
0.000000000000000000e+00
0.000000000000000000e+00
0.000000000000000000e+00
0.000000000000000000e+00
0.000000000000000000e+00
0.000000000000000000e+00
0.000000000000000000e+00
0.000000000000000000e+00
0.000000000000000000e+00
0.000000000000000000e+00
0.000000000000000000e+00
0.000000000000000000e+00
0.000000000000000000e+00
0.000000000000000000e+00
0.000000000000000000e+00
0.000000000000000000e+00
0.000000000000000000e+00
0.000000000000000000e+00
0.000000000000000000e+00
0.000000000000000000e+00
0.000000000000000000e+00
0.000000000000000000e+00
0.000000000000000000e+00
0.000000000000000000e+00
0.000000000000000000e+00
0.000000000000000000e+00
0.000000000000000000e+00
0.000000000000000000e+00
0.000000000000000000e+00
0.000000000000000000e+00
0.000000000000000000e+00
0.000000000000000000e+00
0.000000000000000000e+00
0.000000000000000000e+00
0.000000000000000000e+00
-3.144419132095921466e-15
4.038042046966678737e-14
-2.711316496795369212e-14
-1.131479712382611630e-15
-1.621570890194088060e-14
0.000000000000000000e+00
0.000000000000000000e+00
0.000000000000000000e+00
0.000000000000000000e+00
0.000000000000000000e+00
0.000000000000000000e+00
0.000000000000000000e+00
0.000000000000000000e+00
0.000000000000000000e+00
0.000000000000000000e+00
0.000000000000000000e+00
0.000000000000000000e+00
1.702879161287300266e-27
0.000000000000000000e+00
0.000000000000000000e+00
1.704541732756054725e-27
0.000000000000000000e+00
1.709832792286365961e-27
1.797408946916168842e-27
0.000000000000000000e+00
0.000000000000000000e+00
1.794643489218514528e-27
0.000000000000000000e+00
1.785842543465604177e-27
0.000000000000000000e+00
0.000000000000000000e+00
0.000000000000000000e+00
0.000000000000000000e+00
0.000000000000000000e+00
0.000000000000000000e+00
0.000000000000000000e+00
0.000000000000000000e+00
0.000000000000000000e+00
0.000000000000000000e+00
0.000000000000000000e+00
0.000000000000000000e+00
0.000000000000000000e+00
0.000000000000000000e+00
0.000000000000000000e+00
0.000000000000000000e+00
0.000000000000000000e+00
0.000000000000000000e+00
0.000000000000000000e+00
0.000000000000000000e+00
0.000000000000000000e+00
0.000000000000000000e+00
0.000000000000000000e+00
0.000000000000000000e+00
0.000000000000000000e+00
0.000000000000000000e+00
0.000000000000000000e+00
0.000000000000000000e+00
0.000000000000000000e+00
0.000000000000000000e+00
0.000000000000000000e+00
0.000000000000000000e+00
0.000000000000000000e+00
0.000000000000000000e+00
0.000000000000000000e+00
0.000000000000000000e+00
0.000000000000000000e+00
0.000000000000000000e+00
0.000000000000000000e+00
0.000000000000000000e+00
0.000000000000000000e+00
0.000000000000000000e+00
0.000000000000000000e+00
0.000000000000000000e+00
0.000000000000000000e+00
0.000000000000000000e+00
0.000000000000000000e+00
0.000000000000000000e+00
0.000000000000000000e+00
-3.144556801479780930e-15
4.038068301874592643e-14
-2.684771747486665293e-14
-1.095794412346505020e-15
-1.605615746955864715e-14
0.000000000000000000e+00
0.000000000000000000e+00
0.000000000000000000e+00
0.000000000000000000e+00
0.000000000000000000e+00
0.000000000000000000e+00
0.000000000000000000e+00
0.000000000000000000e+00
0.000000000000000000e+00
0.000000000000000000e+00
0.000000000000000000e+00
0.000000000000000000e+00
1.693943316541412845e-27
0.000000000000000000e+00
0.000000000000000000e+00
1.695594016531592972e-27
0.000000000000000000e+00
1.700833290075391251e-27
1.788588254600525107e-27
0.000000000000000000e+00
0.000000000000000000e+00
1.785842543465604177e-27
0.000000000000000000e+00
1.777127736539037196e-27
0.000000000000000000e+00
0.000000000000000000e+00
0.000000000000000000e+00
0.000000000000000000e+00
0.000000000000000000e+00
0.000000000000000000e+00
0.000000000000000000e+00
0.000000000000000000e+00
0.000000000000000000e+00
0.000000000000000000e+00
0.000000000000000000e+00
0.000000000000000000e+00
0.000000000000000000e+00
0.000000000000000000e+00
0.000000000000000000e+00
-4.803372631492050837e-14
0.000000000000000000e+00
0.000000000000000000e+00
-5.304649700245487182e-15
0.000000000000000000e+00
0.000000000000000000e+00
-5.496449331906154313e-15
0.000000000000000000e+00
0.000000000000000000e+00
-5.857187036408402842e-15
0.000000000000000000e+00
0.000000000000000000e+00
0.000000000000000000e+00
0.000000000000000000e+00
0.000000000000000000e+00
0.000000000000000000e+00
0.000000000000000000e+00
0.000000000000000000e+00
0.000000000000000000e+00
0.000000000000000000e+00
0.000000000000000000e+00
0.000000000000000000e+00
0.000000000000000000e+00
0.000000000000000000e+00
1.384550853584936659e-27
0.000000000000000000e+00
0.000000000000000000e+00
1.385338782869022724e-27
0.000000000000000000e+00
1.393339191700880398e-27
0.000000000000000000e+00
0.000000000000000000e+00
0.000000000000000000e+00
0.000000000000000000e+00
0.000000000000000000e+00
0.000000000000000000e+00
0.000000000000000000e+00
0.000000000000000000e+00
0.000000000000000000e+00
0.000000000000000000e+00
-4.625285182416529232e-14
0.000000000000000000e+00
0.000000000000000000e+00
-5.304762196328529564e-15
0.000000000000000000e+00
0.000000000000000000e+00
-5.354274927519462412e-15
0.000000000000000000e+00
0.000000000000000000e+00
-5.854333686111420550e-15
0.000000000000000000e+00
0.000000000000000000e+00
0.000000000000000000e+00
0.000000000000000000e+00
0.000000000000000000e+00
0.000000000000000000e+00
0.000000000000000000e+00
0.000000000000000000e+00
0.000000000000000000e+00
0.000000000000000000e+00
0.000000000000000000e+00
0.000000000000000000e+00
0.000000000000000000e+00
0.000000000000000000e+00
1.293051640910254611e-27
0.000000000000000000e+00
0.000000000000000000e+00
0.000000000000000000e+00
0.000000000000000000e+00
1.292024327965690700e-27
0.000000000000000000e+00
1.301285099786953228e-27
0.000000000000000000e+00
0.000000000000000000e+00
0.000000000000000000e+00
0.000000000000000000e+00
0.000000000000000000e+00
0.000000000000000000e+00
0.000000000000000000e+00
0.000000000000000000e+00
-5.346780600448791381e-14
0.000000000000000000e+00
0.000000000000000000e+00
-3.505584530094612657e-16
0.000000000000000000e+00
0.000000000000000000e+00
-4.379360755034292664e-15
0.000000000000000000e+00
0.000000000000000000e+00
-4.711139593702328686e-16
0.000000000000000000e+00
0.000000000000000000e+00
0.000000000000000000e+00
0.000000000000000000e+00
0.000000000000000000e+00
0.000000000000000000e+00
0.000000000000000000e+00
0.000000000000000000e+00
0.000000000000000000e+00
0.000000000000000000e+00
0.000000000000000000e+00
0.000000000000000000e+00
0.000000000000000000e+00
0.000000000000000000e+00
1.550340344559336888e-27
0.000000000000000000e+00
0.000000000000000000e+00
0.000000000000000000e+00
0.000000000000000000e+00
1.549890981206201932e-27
0.000000000000000000e+00
1.547370801870628738e-27
0.000000000000000000e+00
0.000000000000000000e+00
0.000000000000000000e+00
0.000000000000000000e+00
0.000000000000000000e+00
-4.806383236409960624e-14
0.000000000000000000e+00
0.000000000000000000e+00
-5.304647798476084347e-15
0.000000000000000000e+00
0.000000000000000000e+00
-5.498852819424614410e-15
0.000000000000000000e+00
0.000000000000000000e+00
-5.857235272881443593e-15
0.000000000000000000e+00
0.000000000000000000e+00
0.000000000000000000e+00
0.000000000000000000e+00
0.000000000000000000e+00
0.000000000000000000e+00
0.000000000000000000e+00
0.000000000000000000e+00
0.000000000000000000e+00
0.000000000000000000e+00
0.000000000000000000e+00
0.000000000000000000e+00
0.000000000000000000e+00
0.000000000000000000e+00
1.385338782869022724e-27
0.000000000000000000e+00
0.000000000000000000e+00
1.386127203174568500e-27
0.000000000000000000e+00
1.394129428922706741e-27
0.000000000000000000e+00
0.000000000000000000e+00
0.000000000000000000e+00
0.000000000000000000e+00
0.000000000000000000e+00
0.000000000000000000e+00
0.000000000000000000e+00
0.000000000000000000e+00
0.000000000000000000e+00
0.000000000000000000e+00
0.000000000000000000e+00
0.000000000000000000e+00
0.000000000000000000e+00
0.000000000000000000e+00
0.000000000000000000e+00
0.000000000000000000e+00
0.000000000000000000e+00
0.000000000000000000e+00
0.000000000000000000e+00
0.000000000000000000e+00
0.000000000000000000e+00
0.000000000000000000e+00
0.000000000000000000e+00
0.000000000000000000e+00
0.000000000000000000e+00
0.000000000000000000e+00
0.000000000000000000e+00
0.000000000000000000e+00
0.000000000000000000e+00
0.000000000000000000e+00
0.000000000000000000e+00
0.000000000000000000e+00
0.000000000000000000e+00
0.000000000000000000e+00
0.000000000000000000e+00
0.000000000000000000e+00
0.000000000000000000e+00
0.000000000000000000e+00
0.000000000000000000e+00
0.000000000000000000e+00
0.000000000000000000e+00
0.000000000000000000e+00
0.000000000000000000e+00
0.000000000000000000e+00
0.000000000000000000e+00
0.000000000000000000e+00
0.000000000000000000e+00
0.000000000000000000e+00
-4.816352758694975013e-14
0.000000000000000000e+00
0.000000000000000000e+00
-5.529208623896314982e-15
0.000000000000000000e+00
0.000000000000000000e+00
-5.577119080673692301e-15
0.000000000000000000e+00
0.000000000000000000e+00
-6.101955317621609133e-15
0.000000000000000000e+00
0.000000000000000000e+00
0.000000000000000000e+00
0.000000000000000000e+00
0.000000000000000000e+00
0.000000000000000000e+00
0.000000000000000000e+00
0.000000000000000000e+00
0.000000000000000000e+00
0.000000000000000000e+00
0.000000000000000000e+00
0.000000000000000000e+00
0.000000000000000000e+00
0.000000000000000000e+00
1.393339191700880398e-27
0.000000000000000000e+00
0.000000000000000000e+00
1.394129428922706741e-27
0.000000000000000000e+00
1.402353516863068495e-27
0.000000000000000000e+00
0.000000000000000000e+00
0.000000000000000000e+00
0.000000000000000000e+00
0.000000000000000000e+00
0.000000000000000000e+00
0.000000000000000000e+00
0.000000000000000000e+00
0.000000000000000000e+00
0.000000000000000000e+00
-4.621209678650582803e-14
0.000000000000000000e+00
0.000000000000000000e+00
-5.304764770784018649e-15
0.000000000000000000e+00
0.000000000000000000e+00
-5.351021288234339663e-15
0.000000000000000000e+00
0.000000000000000000e+00
-5.854268387630583561e-15
0.000000000000000000e+00
0.000000000000000000e+00
0.000000000000000000e+00
0.000000000000000000e+00
0.000000000000000000e+00
0.000000000000000000e+00
0.000000000000000000e+00
0.000000000000000000e+00
0.000000000000000000e+00
0.000000000000000000e+00
0.000000000000000000e+00
0.000000000000000000e+00
0.000000000000000000e+00
0.000000000000000000e+00
1.292024327965690700e-27
0.000000000000000000e+00
0.000000000000000000e+00
0.000000000000000000e+00
0.000000000000000000e+00
1.290997914840909911e-27
0.000000000000000000e+00
1.300255028987714933e-27
0.000000000000000000e+00
0.000000000000000000e+00
0.000000000000000000e+00
0.000000000000000000e+00
0.000000000000000000e+00
0.000000000000000000e+00
0.000000000000000000e+00
0.000000000000000000e+00
-5.345808841942150658e-14
0.000000000000000000e+00
0.000000000000000000e+00
-2.950049076353442396e-16
0.000000000000000000e+00
0.000000000000000000e+00
-4.361192135545560211e-15
0.000000000000000000e+00
0.000000000000000000e+00
-4.105982493043693150e-16
0.000000000000000000e+00
0.000000000000000000e+00
0.000000000000000000e+00
0.000000000000000000e+00
0.000000000000000000e+00
0.000000000000000000e+00
0.000000000000000000e+00
0.000000000000000000e+00
0.000000000000000000e+00
0.000000000000000000e+00
0.000000000000000000e+00
0.000000000000000000e+00
0.000000000000000000e+00
0.000000000000000000e+00
1.549890981206201932e-27
0.000000000000000000e+00
0.000000000000000000e+00
0.000000000000000000e+00
0.000000000000000000e+00
1.549454870233224723e-27
0.000000000000000000e+00
1.547005894679575939e-27
0.000000000000000000e+00
0.000000000000000000e+00
0.000000000000000000e+00
0.000000000000000000e+00
0.000000000000000000e+00
0.000000000000000000e+00
-4.636605625255210760e-14
0.000000000000000000e+00
0.000000000000000000e+00
-5.529322168385583623e-15
0.000000000000000000e+00
0.000000000000000000e+00
-5.433619683216567903e-15
0.000000000000000000e+00
0.000000000000000000e+00
-6.099075375552448504e-15
0.000000000000000000e+00
0.000000000000000000e+00
0.000000000000000000e+00
0.000000000000000000e+00
0.000000000000000000e+00
0.000000000000000000e+00
0.000000000000000000e+00
0.000000000000000000e+00
0.000000000000000000e+00
0.000000000000000000e+00
0.000000000000000000e+00
0.000000000000000000e+00
0.000000000000000000e+00
0.000000000000000000e+00
1.301285099786953228e-27
0.000000000000000000e+00
0.000000000000000000e+00
0.000000000000000000e+00
0.000000000000000000e+00
1.300255028987714933e-27
0.000000000000000000e+00
1.309742150298807091e-27
0.000000000000000000e+00
0.000000000000000000e+00
0.000000000000000000e+00
0.000000000000000000e+00
0.000000000000000000e+00
0.000000000000000000e+00
0.000000000000000000e+00
0.000000000000000000e+00
-5.340221469543394095e-14
0.000000000000000000e+00
0.000000000000000000e+00
3.373365173497916961e-18
0.000000000000000000e+00
0.000000000000000000e+00
-4.263314515800342208e-15
0.000000000000000000e+00
0.000000000000000000e+00
-8.556202357419249580e-17
0.000000000000000000e+00
0.000000000000000000e+00
0.000000000000000000e+00
0.000000000000000000e+00
0.000000000000000000e+00
0.000000000000000000e+00
0.000000000000000000e+00
0.000000000000000000e+00
0.000000000000000000e+00
0.000000000000000000e+00
0.000000000000000000e+00
0.000000000000000000e+00
0.000000000000000000e+00
0.000000000000000000e+00
1.547370801870628738e-27
0.000000000000000000e+00
0.000000000000000000e+00
0.000000000000000000e+00
0.000000000000000000e+00
1.547005894679575939e-27
0.000000000000000000e+00
1.544939497585044393e-27
