2.000332672683584168e+00
1.650977234182577605e-04
-3.675545480309655227e-04
-1.221988241330760521e-03
-3.548683064325043623e-04
0.000000000000000000e+00
0.000000000000000000e+00
0.000000000000000000e+00
0.000000000000000000e+00
0.000000000000000000e+00
0.000000000000000000e+00
0.000000000000000000e+00
0.000000000000000000e+00
0.000000000000000000e+00
0.000000000000000000e+00
0.000000000000000000e+00
0.000000000000000000e+00
-1.257655236592140057e-14
0.000000000000000000e+00
0.000000000000000000e+00
-1.257698478754868596e-14
0.000000000000000000e+00
-1.257699256675541392e-14
-1.385172427493168485e-14
0.000000000000000000e+00
0.000000000000000000e+00
-1.385099952157136412e-14
0.000000000000000000e+00
-1.385098648335619898e-14
0.000000000000000000e+00
0.000000000000000000e+00
0.000000000000000000e+00
0.000000000000000000e+00
0.000000000000000000e+00
0.000000000000000000e+00
0.000000000000000000e+00
0.000000000000000000e+00
0.000000000000000000e+00
0.000000000000000000e+00
1.650977234182577605e-04
1.805747824424387638e+00
4.978936534331419167e-04
1.294398960974669222e-01
4.392374341588754783e-03
0.000000000000000000e+00
0.000000000000000000e+00
0.000000000000000000e+00
0.000000000000000000e+00
0.000000000000000000e+00
0.000000000000000000e+00
0.000000000000000000e+00
0.000000000000000000e+00
0.000000000000000000e+00
0.000000000000000000e+00
0.000000000000000000e+00
0.000000000000000000e+00
-1.010140525404883201e-14
0.000000000000000000e+00
0.000000000000000000e+00
-1.011378026521315415e-14
0.000000000000000000e+00
-1.017211104934591060e-14
-9.960458788896502279e-15
0.000000000000000000e+00
0.000000000000000000e+00
-9.939717849129839204e-15
0.000000000000000000e+00
-9.841953470239596660e-15
0.000000000000000000e+00
0.000000000000000000e+00
0.000000000000000000e+00
0.000000000000000000e+00
0.000000000000000000e+00
0.000000000000000000e+00
0.000000000000000000e+00
0.000000000000000000e+00
0.000000000000000000e+00
0.000000000000000000e+00
-3.675545480309655227e-04
4.978936534331419167e-04
8.310419256704116853e-01
1.159491386646693545e-01
4.924157569542793045e-01
0.000000000000000000e+00
0.000000000000000000e+00
0.000000000000000000e+00
0.000000000000000000e+00
0.000000000000000000e+00
0.000000000000000000e+00
0.000000000000000000e+00
0.000000000000000000e+00
0.000000000000000000e+00
0.000000000000000000e+00
0.000000000000000000e+00
0.000000000000000000e+00
-8.274801742882784066e-15
0.000000000000000000e+00
0.000000000000000000e+00
-8.351989538950335705e-15
0.000000000000000000e+00
-8.351996341928420082e-15
-1.086268071275091171e-14
0.000000000000000000e+00
0.000000000000000000e+00
-1.073331134025497623e-14
0.000000000000000000e+00
-1.073329993823223480e-14
0.000000000000000000e+00
0.000000000000000000e+00
0.000000000000000000e+00
0.000000000000000000e+00
0.000000000000000000e+00
0.000000000000000000e+00
0.000000000000000000e+00
0.000000000000000000e+00
0.000000000000000000e+00
0.000000000000000000e+00
-1.221988241330760521e-03
1.294398960974669222e-01
1.159491386646693545e-01
2.544680137107821830e-02
6.899676287919336015e-02
0.000000000000000000e+00
0.000000000000000000e+00
0.000000000000000000e+00
0.000000000000000000e+00
0.000000000000000000e+00
0.000000000000000000e+00
0.000000000000000000e+00
0.000000000000000000e+00
0.000000000000000000e+00
0.000000000000000000e+00
0.000000000000000000e+00
0.000000000000000000e+00
-1.870432192682989997e-15
0.000000000000000000e+00
0.000000000000000000e+00
-1.882084638721236711e-15
0.000000000000000000e+00
-1.886264619180808541e-15
-2.220536279352604995e-15
0.000000000000000000e+00
0.000000000000000000e+00
-2.201006383322260985e-15
0.000000000000000000e+00
-2.194000593849701217e-15
0.000000000000000000e+00
0.000000000000000000e+00
0.000000000000000000e+00
0.000000000000000000e+00
0.000000000000000000e+00
0.000000000000000000e+00
0.000000000000000000e+00
0.000000000000000000e+00
0.000000000000000000e+00
0.000000000000000000e+00
-3.548683064325043623e-04
4.392374341588754783e-03
4.924157569542793045e-01
6.899676287919336015e-02
2.917795172495528111e-01
0.000000000000000000e+00
0.000000000000000000e+00
0.000000000000000000e+00
0.000000000000000000e+00
0.000000000000000000e+00
0.000000000000000000e+00
0.000000000000000000e+00
0.000000000000000000e+00
0.000000000000000000e+00
0.000000000000000000e+00
0.000000000000000000e+00
0.000000000000000000e+00
-4.925098272114767089e-15
0.000000000000000000e+00
0.000000000000000000e+00
-4.970862158967909694e-15
0.000000000000000000e+00
-4.970998546081698677e-15
-6.458078439196710531e-15
0.000000000000000000e+00
0.000000000000000000e+00
-6.381376607731220445e-15
0.000000000000000000e+00
-6.381148018287985196e-15
0.000000000000000000e+00
0.000000000000000000e+00
0.000000000000000000e+00
0.000000000000000000e+00
0.000000000000000000e+00
0.000000000000000000e+00
0.000000000000000000e+00
0.000000000000000000e+00
0.000000000000000000e+00
0.000000000000000000e+00
0.000000000000000000e+00
0.000000000000000000e+00
0.000000000000000000e+00
0.000000000000000000e+00
0.000000000000000000e+00
1.883853086217503581e+00
0.000000000000000000e+00
0.000000000000000000e+00
-7.633313768224320173e-03
0.000000000000000000e+00
0.000000000000000000e+00
1.160861641637007113e-01
0.000000000000000000e+00
0.000000000000000000e+00
-1.857485515689500516e-03
0.000000000000000000e+00
0.000000000000000000e+00
0.000000000000000000e+00
0.000000000000000000e+00
0.000000000000000000e+00
0.000000000000000000e+00
0.000000000000000000e+00
0.000000000000000000e+00
0.000000000000000000e+00
0.000000000000000000e+00
0.000000000000000000e+00
0.000000000000000000e+00
0.000000000000000000e+00
0.000000000000000000e+00
-2.969897582591778880e-14
0.000000000000000000e+00
0.000000000000000000e+00
-2.974855653324887532e-14
0.000000000000000000e+00
-2.974855653324890056e-14
0.000000000000000000e+00
0.000000000000000000e+00
0.000000000000000000e+00
0.000000000000000000e+00
0.000000000000000000e+00
0.000000000000000000e+00
0.000000000000000000e+00
0.000000000000000000e+00
0.000000000000000000e+00
0.000000000000000000e+00
1.883853086217504025e+00
0.000000000000000000e+00
0.000000000000000000e+00
-7.633313768223723428e-03
0.000000000000000000e+00
0.000000000000000000e+00
1.160861641637007668e-01
0.000000000000000000e+00
0.000000000000000000e+00
-1.857485515689333549e-03
0.000000000000000000e+00
0.000000000000000000e+00
0.000000000000000000e+00
0.000000000000000000e+00
0.000000000000000000e+00
0.000000000000000000e+00
0.000000000000000000e+00
0.000000000000000000e+00
0.000000000000000000e+00
0.000000000000000000e+00
0.000000000000000000e+00
0.000000000000000000e+00
0.000000000000000000e+00
0.000000000000000000e+00
-2.988110671240212476e-14
0.000000000000000000e+00
0.000000000000000000e+00
0.000000000000000000e+00
0.000000000000000000e+00
-2.981242507028857326e-14
0.000000000000000000e+00
-2.988995089028306885e-14
0.000000000000000000e+00
0.000000000000000000e+00
0.000000000000000000e+00
0.000000000000000000e+00
0.000000000000000000e+00
0.000000000000000000e+00
0.000000000000000000e+00
0.000000000000000000e+00
1.883853086217503803e+00
0.000000000000000000e+00
0.000000000000000000e+00
-7.633313768222081512e-03
0.000000000000000000e+00
0.000000000000000000e+00
1.160861641637016134e-01
0.000000000000000000e+00
0.000000000000000000e+00
-1.857485515687782272e-03
0.000000000000000000e+00
0.000000000000000000e+00
0.000000000000000000e+00
0.000000000000000000e+00
0.000000000000000000e+00
0.000000000000000000e+00
0.000000000000000000e+00
0.000000000000000000e+00
0.000000000000000000e+00
0.000000000000000000e+00
0.000000000000000000e+00
0.000000000000000000e+00
0.000000000000000000e+00
0.000000000000000000e+00
-2.979306456890302320e-14
0.000000000000000000e+00
0.000000000000000000e+00
0.000000000000000000e+00
0.000000000000000000e+00
-2.978744314681624548e-14
0.000000000000000000e+00
-2.972453690823135865e-14
0.000000000000000000e+00
0.000000000000000000e+00
0.000000000000000000e+00
0.000000000000000000e+00
0.000000000000000000e+00
-7.633313768224320173e-03
0.000000000000000000e+00
0.000000000000000000e+00
3.892845261471760132e-01
0.000000000000000000e+00
0.000000000000000000e+00
1.591686616132985677e-01
0.000000000000000000e+00
0.000000000000000000e+00
3.018769618870970617e-01
0.000000000000000000e+00
0.000000000000000000e+00
0.000000000000000000e+00
0.000000000000000000e+00
0.000000000000000000e+00
0.000000000000000000e+00
0.000000000000000000e+00
0.000000000000000000e+00
0.000000000000000000e+00
0.000000000000000000e+00
0.000000000000000000e+00
0.000000000000000000e+00
0.000000000000000000e+00
0.000000000000000000e+00
-2.619809628433736722e-15
0.000000000000000000e+00
0.000000000000000000e+00
-2.254547439497715685e-15
0.000000000000000000e+00
-2.254547439497717658e-15
0.000000000000000000e+00
0.000000000000000000e+00
0.000000000000000000e+00
0.000000000000000000e+00
0.000000000000000000e+00
0.000000000000000000e+00
0.000000000000000000e+00
0.000000000000000000e+00
0.000000000000000000e+00
0.000000000000000000e+00
-7.633313768223723428e-03
0.000000000000000000e+00
0.000000000000000000e+00
3.892845261471771789e-01
0.000000000000000000e+00
0.000000000000000000e+00
1.591686616132987064e-01
0.000000000000000000e+00
0.000000000000000000e+00
3.018769618870974503e-01
0.000000000000000000e+00
0.000000000000000000e+00
0.000000000000000000e+00
0.000000000000000000e+00
0.000000000000000000e+00
0.000000000000000000e+00
0.000000000000000000e+00
0.000000000000000000e+00
0.000000000000000000e+00
0.000000000000000000e+00
0.000000000000000000e+00
0.000000000000000000e+00
0.000000000000000000e+00
0.000000000000000000e+00
-2.456764078436796152e-15
0.000000000000000000e+00
0.000000000000000000e+00
0.000000000000000000e+00
0.000000000000000000e+00
-2.886825500594788930e-15
0.000000000000000000e+00
-2.421565258107987809e-15
0.000000000000000000e+00
0.000000000000000000e+00
0.000000000000000000e+00
0.000000000000000000e+00
0.000000000000000000e+00
0.000000000000000000e+00
0.000000000000000000e+00
0.000000000000000000e+00
-7.633313768222082379e-03
0.000000000000000000e+00
0.000000000000000000e+00
3.892845261471859497e-01
0.000000000000000000e+00
0.000000000000000000e+00
1.591686616132995391e-01
0.000000000000000000e+00
0.000000000000000000e+00
3.018769618871003368e-01
0.000000000000000000e+00
0.000000000000000000e+00
0.000000000000000000e+00
0.000000000000000000e+00
0.000000000000000000e+00
0.000000000000000000e+00
0.000000000000000000e+00
0.000000000000000000e+00
0.000000000000000000e+00
0.000000000000000000e+00
0.000000000000000000e+00
0.000000000000000000e+00
0.000000000000000000e+00
0.000000000000000000e+00
-3.928214527781510102e-15
0.000000000000000000e+00
0.000000000000000000e+00
0.000000000000000000e+00
0.000000000000000000e+00
-3.968390061129179217e-15
0.000000000000000000e+00
-4.411165642568485595e-15
0.000000000000000000e+00
0.000000000000000000e+00
0.000000000000000000e+00
0.000000000000000000e+00
0.000000000000000000e+00
1.160861641637007113e-01
0.000000000000000000e+00
0.000000000000000000e+00
1.591686616132985677e-01
0.000000000000000000e+00
0.000000000000000000e+00
7.262391051594198343e-02
0.000000000000000000e+00
0.000000000000000000e+00
1.236869552051091947e-01
0.000000000000000000e+00
0.000000000000000000e+00
0.000000000000000000e+00
0.000000000000000000e+00
0.000000000000000000e+00
0.000000000000000000e+00
0.000000000000000000e+00
0.000000000000000000e+00
0.000000000000000000e+00
0.000000000000000000e+00
0.000000000000000000e+00
0.000000000000000000e+00
0.000000000000000000e+00
0.000000000000000000e+00
-2.953878646930546985e-15
0.000000000000000000e+00
0.000000000000000000e+00
-2.807216500114104911e-15
0.000000000000000000e+00
-2.807216500114107277e-15
0.000000000000000000e+00
0.000000000000000000e+00
0.000000000000000000e+00
0.000000000000000000e+00
0.000000000000000000e+00
0.000000000000000000e+00
0.000000000000000000e+00
0.000000000000000000e+00
0.000000000000000000e+00
0.000000000000000000e+00
1.160861641637007668e-01
0.000000000000000000e+00
0.000000000000000000e+00
1.591686616132987064e-01
0.000000000000000000e+00
0.000000000000000000e+00
7.262391051594187241e-02
0.000000000000000000e+00
0.000000000000000000e+00
1.236869552051090698e-01
0.000000000000000000e+00
0.000000000000000000e+00
0.000000000000000000e+00
0.000000000000000000e+00
0.000000000000000000e+00
0.000000000000000000e+00
0.000000000000000000e+00
0.000000000000000000e+00
0.000000000000000000e+00
0.000000000000000000e+00
0.000000000000000000e+00
0.000000000000000000e+00
0.000000000000000000e+00
0.000000000000000000e+00
-2.898536964614206898e-15
0.000000000000000000e+00
0.000000000000000000e+00
0.000000000000000000e+00
0.000000000000000000e+00
-3.070565526101675152e-15
0.000000000000000000e+00
-2.884661063254012211e-15
0.000000000000000000e+00
0.000000000000000000e+00
0.000000000000000000e+00
0.000000000000000000e+00
0.000000000000000000e+00
0.000000000000000000e+00
0.000000000000000000e+00
0.000000000000000000e+00
1.160861641637016134e-01
0.000000000000000000e+00
0.000000000000000000e+00
1.591686616132995669e-01
0.000000000000000000e+00
0.000000000000000000e+00
7.262391051594109526e-02
0.000000000000000000e+00
0.000000000000000000e+00
1.236869552051081123e-01
0.000000000000000000e+00
0.000000000000000000e+00
0.000000000000000000e+00
0.000000000000000000e+00
0.000000000000000000e+00
0.000000000000000000e+00
0.000000000000000000e+00
0.000000000000000000e+00
0.000000000000000000e+00
0.000000000000000000e+00
0.000000000000000000e+00
0.000000000000000000e+00
0.000000000000000000e+00
0.000000000000000000e+00
-3.496430391808804243e-15
0.000000000000000000e+00
0.000000000000000000e+00
0.000000000000000000e+00
0.000000000000000000e+00
-3.512551268748571985e-15
0.000000000000000000e+00
-3.690159594896561469e-15
0.000000000000000000e+00
0.000000000000000000e+00
0.000000000000000000e+00
0.000000000000000000e+00
0.000000000000000000e+00
-1.857485515689500516e-03
0.000000000000000000e+00
0.000000000000000000e+00
3.018769618870971172e-01
0.000000000000000000e+00
0.000000000000000000e+00
1.236869552051092086e-01
0.000000000000000000e+00
0.000000000000000000e+00
2.341041157742206891e-01
0.000000000000000000e+00
0.000000000000000000e+00
0.000000000000000000e+00
0.000000000000000000e+00
0.000000000000000000e+00
0.000000000000000000e+00
0.000000000000000000e+00
0.000000000000000000e+00
0.000000000000000000e+00
0.000000000000000000e+00
0.000000000000000000e+00
0.000000000000000000e+00
0.000000000000000000e+00
0.000000000000000000e+00
-2.095725249725213226e-15
0.000000000000000000e+00
0.000000000000000000e+00
-1.812568264770335083e-15
0.000000000000000000e+00
-1.812568264770336266e-15
0.000000000000000000e+00
0.000000000000000000e+00
0.000000000000000000e+00
0.000000000000000000e+00
0.000000000000000000e+00
0.000000000000000000e+00
0.000000000000000000e+00
0.000000000000000000e+00
0.000000000000000000e+00
0.000000000000000000e+00
-1.857485515689333549e-03
0.000000000000000000e+00
0.000000000000000000e+00
3.018769618870975058e-01
0.000000000000000000e+00
0.000000000000000000e+00
1.236869552051090698e-01
0.000000000000000000e+00
0.000000000000000000e+00
2.341041157742205781e-01
0.000000000000000000e+00
0.000000000000000000e+00
0.000000000000000000e+00
0.000000000000000000e+00
0.000000000000000000e+00
0.000000000000000000e+00
0.000000000000000000e+00
0.000000000000000000e+00
0.000000000000000000e+00
0.000000000000000000e+00
0.000000000000000000e+00
0.000000000000000000e+00
0.000000000000000000e+00
0.000000000000000000e+00
-1.969674790086293338e-15
0.000000000000000000e+00
0.000000000000000000e+00
0.000000000000000000e+00
0.000000000000000000e+00
-2.303042937058537967e-15
0.000000000000000000e+00
-1.942396880072992450e-15
0.000000000000000000e+00
0.000000000000000000e+00
0.000000000000000000e+00
0.000000000000000000e+00
0.000000000000000000e+00
0.000000000000000000e+00
0.000000000000000000e+00
0.000000000000000000e+00
-1.857485515687783140e-03
0.000000000000000000e+00
0.000000000000000000e+00
3.018769618871003368e-01
0.000000000000000000e+00
0.000000000000000000e+00
1.236869552051081123e-01
0.000000000000000000e+00
0.000000000000000000e+00
2.341041157742197454e-01
0.000000000000000000e+00
0.000000000000000000e+00
0.000000000000000000e+00
0.000000000000000000e+00
0.000000000000000000e+00
0.000000000000000000e+00
0.000000000000000000e+00
0.000000000000000000e+00
0.000000000000000000e+00
0.000000000000000000e+00
0.000000000000000000e+00
0.000000000000000000e+00
0.000000000000000000e+00
0.000000000000000000e+00
-3.110607132533378674e-15
0.000000000000000000e+00
0.000000000000000000e+00
0.000000000000000000e+00
0.000000000000000000e+00
-3.141751474653384333e-15
0.000000000000000000e+00
-3.484992012696865650e-15
-1.257655236592140057e-14
-1.010140525404883201e-14
-8.274801742882784066e-15
-1.870432192682989997e-15
-4.925098272114767089e-15
0.000000000000000000e+00
0.000000000000000000e+00
0.000000000000000000e+00
0.000000000000000000e+00
0.000000000000000000e+00
0.000000000000000000e+00
0.000000000000000000e+00
0.000000000000000000e+00
0.000000000000000000e+00
0.000000000000000000e+00
0.000000000000000000e+00
0.000000000000000000e+00
2.179515671513956847e-28
0.000000000000000000e+00
0.000000000000000000e+00
2.187919974807774539e-28
0.000000000000000000e+00
2.191182245459467986e-28
2.509490264167718795e-28
0.000000000000000000e+00
0.000000000000000000e+00
2.495404365893914138e-28
0.000000000000000000e+00
2.489936689284101383e-28
0.000000000000000000e+00
0.000000000000000000e+00
0.000000000000000000e+00
0.000000000000000000e+00
0.000000000000000000e+00
0.000000000000000000e+00
0.000000000000000000e+00
0.000000000000000000e+00
0.000000000000000000e+00
0.000000000000000000e+00
0.000000000000000000e+00
0.000000000000000000e+00
0.000000000000000000e+00
0.000000000000000000e+00
0.000000000000000000e+00
0.000000000000000000e+00
0.000000000000000000e+00
0.000000000000000000e+00
0.000000000000000000e+00
0.000000000000000000e+00
0.000000000000000000e+00
0.000000000000000000e+00
0.000000000000000000e+00
0.000000000000000000e+00
0.000000000000000000e+00
0.000000000000000000e+00
0.000000000000000000e+00
0.000000000000000000e+00
0.000000000000000000e+00
0.000000000000000000e+00
0.000000000000000000e+00
0.000000000000000000e+00
0.000000000000000000e+00
0.000000000000000000e+00
0.000000000000000000e+00
0.000000000000000000e+00
0.000000000000000000e+00
0.000000000000000000e+00
0.000000000000000000e+00
0.000000000000000000e+00
0.000000000000000000e+00
0.000000000000000000e+00
0.000000000000000000e+00
0.000000000000000000e+00
0.000000000000000000e+00
0.000000000000000000e+00
0.000000000000000000e+00
0.000000000000000000e+00
0.000000000000000000e+00
0.000000000000000000e+00
0.000000000000000000e+00
0.000000000000000000e+00
0.000000000000000000e+00
0.000000000000000000e+00
0.000000000000000000e+00
0.000000000000000000e+00
0.000000000000000000e+00
0.000000000000000000e+00
0.000000000000000000e+00
0.000000000000000000e+00
0.000000000000000000e+00
0.000000000000000000e+00
0.000000000000000000e+00
0.000000000000000000e+00
0.000000000000000000e+00
0.000000000000000000e+00
0.000000000000000000e+00
0.000000000000000000e+00
0.000000000000000000e+00
0.000000000000000000e+00
0.000000000000000000e+00
0.000000000000000000e+00
0.000000000000000000e+00
0.000000000000000000e+00
0.000000000000000000e+00
0.000000000000000000e+00
0.000000000000000000e+00
0.000000000000000000e+00
0.000000000000000000e+00
0.000000000000000000e+00
0.000000000000000000e+00
0.000000000000000000e+00
0.000000000000000000e+00
0.000000000000000000e+00
0.000000000000000000e+00
0.000000000000000000e+00
0.000000000000000000e+00
0.000000000000000000e+00
-1.257698478754868596e-14
-1.011378026521315415e-14
-8.351989538950335705e-15
-1.882084638721236711e-15
-4.970862158967909694e-15
0.000000000000000000e+00
0.000000000000000000e+00
0.000000000000000000e+00
0.000000000000000000e+00
0.000000000000000000e+00
0.000000000000000000e+00
0.000000000000000000e+00
0.000000000000000000e+00
0.000000000000000000e+00
0.000000000000000000e+00
0.000000000000000000e+00
0.000000000000000000e+00
2.187919974807774539e-28
0.000000000000000000e+00
0.000000000000000000e+00
2.196396813535509775e-28
0.000000000000000000e+00
2.199663073053688538e-28
2.520291449548690773e-28
0.000000000000000000e+00
0.000000000000000000e+00
2.506083979419649250e-28
0.000000000000000000e+00
2.500609617333887027e-28
0.000000000000000000e+00
0.000000000000000000e+00
0.000000000000000000e+00
0.000000000000000000e+00
0.000000000000000000e+00
0.000000000000000000e+00
0.000000000000000000e+00
0.000000000000000000e+00
0.000000000000000000e+00
0.000000000000000000e+00
0.000000000000000000e+00
0.000000000000000000e+00
0.000000000000000000e+00
0.000000000000000000e+00
0.000000000000000000e+00
0.000000000000000000e+00
0.000000000000000000e+00
0.000000000000000000e+00
0.000000000000000000e+00
0.000000000000000000e+00
0.000000000000000000e+00
0.000000000000000000e+00
0.000000000000000000e+00
0.000000000000000000e+00
0.000000000000000000e+00
0.000000000000000000e+00
0.000000000000000000e+00
0.000000000000000000e+00
0.000000000000000000e+00
0.000000000000000000e+00
0.000000000000000000e+00
0.000000000000000000e+00
0.000000000000000000e+00
0.000000000000000000e+00
0.000000000000000000e+00
0.000000000000000000e+00
0.000000000000000000e+00
0.000000000000000000e+00
0.000000000000000000e+00
0.000000000000000000e+00
0.000000000000000000e+00
0.000000000000000000e+00
0.000000000000000000e+00
0.000000000000000000e+00
0.000000000000000000e+00
0.000000000000000000e+00
0.000000000000000000e+00
0.000000000000000000e+00
0.000000000000000000e+00
-1.257699256675541392e-14
-1.017211104934591060e-14
-8.351996341928420082e-15
-1.886264619180808541e-15
-4.970998546081698677e-15
0.000000000000000000e+00
0.000000000000000000e+00
0.000000000000000000e+00
0.000000000000000000e+00
0.000000000000000000e+00
0.000000000000000000e+00
0.000000000000000000e+00
0.000000000000000000e+00
0.000000000000000000e+00
0.000000000000000000e+00
0.000000000000000000e+00
0.000000000000000000e+00
2.191182245459467986e-28
0.000000000000000000e+00
0.000000000000000000e+00
2.199663073053688538e-28
0.000000000000000000e+00
2.202948175073151864e-28
2.523507917071966911e-28
0.000000000000000000e+00
0.000000000000000000e+00
2.509293761466975022e-28
0.000000000000000000e+00
2.503787818707950974e-28
0.000000000000000000e+00
0.000000000000000000e+00
0.000000000000000000e+00
0.000000000000000000e+00
0.000000000000000000e+00
0.000000000000000000e+00
0.000000000000000000e+00
0.000000000000000000e+00
0.000000000000000000e+00
0.000000000000000000e+00
-1.385172427493168485e-14
-9.960458788896502279e-15
-1.086268071275091171e-14
-2.220536279352604995e-15
-6.458078439196710531e-15
0.000000000000000000e+00
0.000000000000000000e+00
0.000000000000000000e+00
0.000000000000000000e+00
0.000000000000000000e+00
0.000000000000000000e+00
0.000000000000000000e+00
0.000000000000000000e+00
0.000000000000000000e+00
0.000000000000000000e+00
0.000000000000000000e+00
0.000000000000000000e+00
2.509490264167718795e-28
0.000000000000000000e+00
0.000000000000000000e+00
2.520291449548690773e-28
0.000000000000000000e+00
2.523507917071966911e-28
2.928308036755015616e-28
0.000000000000000000e+00
0.000000000000000000e+00
2.910204882550097820e-28
0.000000000000000000e+00
2.904813973541947218e-28
0.000000000000000000e+00
0.000000000000000000e+00
0.000000000000000000e+00
0.000000000000000000e+00
0.000000000000000000e+00
0.000000000000000000e+00
0.000000000000000000e+00
0.000000000000000000e+00
0.000000000000000000e+00
0.000000000000000000e+00
0.000000000000000000e+00
0.000000000000000000e+00
0.000000000000000000e+00
0.000000000000000000e+00
0.000000000000000000e+00
0.000000000000000000e+00
0.000000000000000000e+00
0.000000000000000000e+00
0.000000000000000000e+00
0.000000000000000000e+00
0.000000000000000000e+00
0.000000000000000000e+00
0.000000000000000000e+00
0.000000000000000000e+00
0.000000000000000000e+00
0.000000000000000000e+00
0.000000000000000000e+00
0.000000000000000000e+00
0.000000000000000000e+00
0.000000000000000000e+00
0.000000000000000000e+00
0.000000000000000000e+00
0.000000000000000000e+00
0.000000000000000000e+00
0.000000000000000000e+00
0.000000000000000000e+00
0.000000000000000000e+00
0.000000000000000000e+00
0.000000000000000000e+00
0.000000000000000000e+00
0.000000000000000000e+00
0.000000000000000000e+00
0.000000000000000000e+00
0.000000000000000000e+00
0.000000000000000000e+00
0.000000000000000000e+00
0.000000000000000000e+00
0.000000000000000000e+00
0.000000000000000000e+00
0.000000000000000000e+00
0.000000000000000000e+00
0.000000000000000000e+00
0.000000000000000000e+00
0.000000000000000000e+00
0.000000000000000000e+00
0.000000000000000000e+00
0.000000000000000000e+00
0.000000000000000000e+00
0.000000000000000000e+00
0.000000000000000000e+00
0.000000000000000000e+00
0.000000000000000000e+00
0.000000000000000000e+00
0.000000000000000000e+00
0.000000000000000000e+00
0.000000000000000000e+00
0.000000000000000000e+00
0.000000000000000000e+00
0.000000000000000000e+00
0.000000000000000000e+00
0.000000000000000000e+00
0.000000000000000000e+00
0.000000000000000000e+00
0.000000000000000000e+00
0.000000000000000000e+00
0.000000000000000000e+00
0.000000000000000000e+00
0.000000000000000000e+00
0.000000000000000000e+00
0.000000000000000000e+00
0.000000000000000000e+00
0.000000000000000000e+00
0.000000000000000000e+00
0.000000000000000000e+00
0.000000000000000000e+00
0.000000000000000000e+00
0.000000000000000000e+00
0.000000000000000000e+00
-1.385099952157136412e-14
-9.939717849129839204e-15
-1.073331134025497623e-14
-2.201006383322260985e-15
-6.381376607731220445e-15
0.000000000000000000e+00
0.000000000000000000e+00
0.000000000000000000e+00
0.000000000000000000e+00
0.000000000000000000e+00
0.000000000000000000e+00
0.000000000000000000e+00
0.000000000000000000e+00
0.000000000000000000e+00
0.000000000000000000e+00
0.000000000000000000e+00
0.000000000000000000e+00
2.495404365893914138e-28
0.000000000000000000e+00
0.000000000000000000e+00
2.506083979419649250e-28
0.000000000000000000e+00
2.509293761466975022e-28
2.910204882550097820e-28
0.000000000000000000e+00
0.000000000000000000e+00
2.892305486910996443e-28
0.000000000000000000e+00
2.886925782988008936e-28
0.000000000000000000e+00
0.000000000000000000e+00
0.000000000000000000e+00
0.000000000000000000e+00
0.000000000000000000e+00
0.000000000000000000e+00
0.000000000000000000e+00
0.000000000000000000e+00
0.000000000000000000e+00
0.000000000000000000e+00
0.000000000000000000e+00
0.000000000000000000e+00
0.000000000000000000e+00
0.000000000000000000e+00
0.000000000000000000e+00
0.000000000000000000e+00
0.000000000000000000e+00
0.000000000000000000e+00
0.000000000000000000e+00
0.000000000000000000e+00
0.000000000000000000e+00
0.000000000000000000e+00
0.000000000000000000e+00
0.000000000000000000e+00
0.000000000000000000e+00
0.000000000000000000e+00
0.000000000000000000e+00
0.000000000000000000e+00
0.000000000000000000e+00
0.000000000000000000e+00
0.000000000000000000e+00
0.000000000000000000e+00
0.000000000000000000e+00
0.000000000000000000e+00
0.000000000000000000e+00
0.000000000000000000e+00
0.000000000000000000e+00
0.000000000000000000e+00
0.000000000000000000e+00
0.000000000000000000e+00
0.000000000000000000e+00
0.000000000000000000e+00
0.000000000000000000e+00
0.000000000000000000e+00
0.000000000000000000e+00
0.000000000000000000e+00
0.000000000000000000e+00
0.000000000000000000e+00
0.000000000000000000e+00
-1.385098648335619898e-14
-9.841953470239596660e-15
-1.073329993823223480e-14
-2.194000593849701217e-15
-6.381148018287985196e-15
0.000000000000000000e+00
0.000000000000000000e+00
0.000000000000000000e+00
0.000000000000000000e+00
0.000000000000000000e+00
0.000000000000000000e+00
0.000000000000000000e+00
0.000000000000000000e+00
0.000000000000000000e+00
0.000000000000000000e+00
0.000000000000000000e+00
0.000000000000000000e+00
2.489936689284101383e-28
0.000000000000000000e+00
0.000000000000000000e+00
2.500609617333887027e-28
0.000000000000000000e+00
2.503787818707950974e-28
2.904813973541947218e-28
0.000000000000000000e+00
0.000000000000000000e+00
2.886925782988008936e-28
0.000000000000000000e+00
2.881599009347928198e-28
0.000000000000000000e+00
0.000000000000000000e+00
0.000000000000000000e+00
0.000000000000000000e+00
0.000000000000000000e+00
0.000000000000000000e+00
0.000000000000000000e+00
0.000000000000000000e+00
0.000000000000000000e+00
0.000000000000000000e+00
0.000000000000000000e+00
0.000000000000000000e+00
0.000000000000000000e+00
0.000000000000000000e+00
0.000000000000000000e+00
-2.969897582591778880e-14
0.000000000000000000e+00
0.000000000000000000e+00
-2.619809628433736722e-15
0.000000000000000000e+00
0.000000000000000000e+00
-2.953878646930546985e-15
0.000000000000000000e+00
0.000000000000000000e+00
-2.095725249725212831e-15
0.000000000000000000e+00
0.000000000000000000e+00
0.000000000000000000e+00
0.000000000000000000e+00
0.000000000000000000e+00
0.000000000000000000e+00
0.000000000000000000e+00
0.000000000000000000e+00
0.000000000000000000e+00
0.000000000000000000e+00
0.000000000000000000e+00
0.000000000000000000e+00
0.000000000000000000e+00
0.000000000000000000e+00
4.874941234140670144e-28
0.000000000000000000e+00
0.000000000000000000e+00
4.857059167910144561e-28
0.000000000000000000e+00
4.857059167910149045e-28
0.000000000000000000e+00
0.000000000000000000e+00
0.000000000000000000e+00
0.000000000000000000e+00
0.000000000000000000e+00
0.000000000000000000e+00
0.000000000000000000e+00
0.000000000000000000e+00
0.000000000000000000e+00
0.000000000000000000e+00
-2.988110671240212476e-14
0.000000000000000000e+00
0.000000000000000000e+00
-2.456764078436796152e-15
0.000000000000000000e+00
0.000000000000000000e+00
-2.898536964614206504e-15
0.000000000000000000e+00
0.000000000000000000e+00
-1.969674790086293338e-15
0.000000000000000000e+00
0.000000000000000000e+00
0.000000000000000000e+00
0.000000000000000000e+00
0.000000000000000000e+00
0.000000000000000000e+00
0.000000000000000000e+00
0.000000000000000000e+00
0.000000000000000000e+00
0.000000000000000000e+00
0.000000000000000000e+00
0.000000000000000000e+00
0.000000000000000000e+00
0.000000000000000000e+00
4.910368757322379622e-28
0.000000000000000000e+00
0.000000000000000000e+00
0.000000000000000000e+00
0.000000000000000000e+00
4.927937175251365001e-28
0.000000000000000000e+00
4.909442916864495712e-28
0.000000000000000000e+00
0.000000000000000000e+00
0.000000000000000000e+00
0.000000000000000000e+00
0.000000000000000000e+00
0.000000000000000000e+00
0.000000000000000000e+00
0.000000000000000000e+00
-2.979306456890302320e-14
0.000000000000000000e+00
0.000000000000000000e+00
-3.928214527781510102e-15
0.000000000000000000e+00
0.000000000000000000e+00
-3.496430391808804243e-15
0.000000000000000000e+00
0.000000000000000000e+00
-3.110607132533379068e-15
0.000000000000000000e+00
0.000000000000000000e+00
0.000000000000000000e+00
0.000000000000000000e+00
0.000000000000000000e+00
0.000000000000000000e+00
0.000000000000000000e+00
0.000000000000000000e+00
0.000000000000000000e+00
0.000000000000000000e+00
0.000000000000000000e+00
0.000000000000000000e+00
0.000000000000000000e+00
0.000000000000000000e+00
5.132923598708839521e-28
0.000000000000000000e+00
0.000000000000000000e+00
0.000000000000000000e+00
0.000000000000000000e+00
5.136211179220732491e-28
0.000000000000000000e+00
5.172292664790437010e-28
0.000000000000000000e+00
0.000000000000000000e+00
0.000000000000000000e+00
0.000000000000000000e+00
0.000000000000000000e+00
-2.974855653324887532e-14
0.000000000000000000e+00
0.000000000000000000e+00
-2.254547439497716080e-15
0.000000000000000000e+00
0.000000000000000000e+00
-2.807216500114105305e-15
0.000000000000000000e+00
0.000000000000000000e+00
-1.812568264770335083e-15
0.000000000000000000e+00
0.000000000000000000e+00
0.000000000000000000e+00
0.000000000000000000e+00
0.000000000000000000e+00
0.000000000000000000e+00
0.000000000000000000e+00
0.000000000000000000e+00
0.000000000000000000e+00
0.000000000000000000e+00
0.000000000000000000e+00
0.000000000000000000e+00
0.000000000000000000e+00
0.000000000000000000e+00
4.857059167910144561e-28
0.000000000000000000e+00
0.000000000000000000e+00
4.842613876182427517e-28
0.000000000000000000e+00
4.842613876182432001e-28
0.000000000000000000e+00
0.000000000000000000e+00
0.000000000000000000e+00
0.000000000000000000e+00
0.000000000000000000e+00
0.000000000000000000e+00
0.000000000000000000e+00
0.000000000000000000e+00
0.000000000000000000e+00
0.000000000000000000e+00
0.000000000000000000e+00
0.000000000000000000e+00
0.000000000000000000e+00
0.000000000000000000e+00
0.000000000000000000e+00
0.000000000000000000e+00
0.000000000000000000e+00
0.000000000000000000e+00
0.000000000000000000e+00
0.000000000000000000e+00
0.000000000000000000e+00
0.000000000000000000e+00
0.000000000000000000e+00
0.000000000000000000e+00
0.000000000000000000e+00
0.000000000000000000e+00
0.000000000000000000e+00
0.000000000000000000e+00
0.000000000000000000e+00
0.000000000000000000e+00
0.000000000000000000e+00
0.000000000000000000e+00
0.000000000000000000e+00
0.000000000000000000e+00
0.000000000000000000e+00
0.000000000000000000e+00
0.000000000000000000e+00
0.000000000000000000e+00
0.000000000000000000e+00
0.000000000000000000e+00
0.000000000000000000e+00
0.000000000000000000e+00
0.000000000000000000e+00
0.000000000000000000e+00
0.000000000000000000e+00
0.000000000000000000e+00
0.000000000000000000e+00
0.000000000000000000e+00
-2.974855653324890056e-14
0.000000000000000000e+00
0.000000000000000000e+00
-2.254547439497717658e-15
0.000000000000000000e+00
0.000000000000000000e+00
-2.807216500114107277e-15
0.000000000000000000e+00
0.000000000000000000e+00
-1.812568264770336266e-15
0.000000000000000000e+00
0.000000000000000000e+00
0.000000000000000000e+00
0.000000000000000000e+00
0.000000000000000000e+00
0.000000000000000000e+00
0.000000000000000000e+00
0.000000000000000000e+00
0.000000000000000000e+00
0.000000000000000000e+00
0.000000000000000000e+00
0.000000000000000000e+00
0.000000000000000000e+00
0.000000000000000000e+00
4.857059167910149045e-28
0.000000000000000000e+00
0.000000000000000000e+00
4.842613876182431104e-28
0.000000000000000000e+00
4.842613876182435588e-28
0.000000000000000000e+00
0.000000000000000000e+00
0.000000000000000000e+00
0.000000000000000000e+00
0.000000000000000000e+00
0.000000000000000000e+00
0.000000000000000000e+00
0.000000000000000000e+00
0.000000000000000000e+00
0.000000000000000000e+00
-2.981242507028857326e-14
0.000000000000000000e+00
0.000000000000000000e+00
-2.886825500594788930e-15
0.000000000000000000e+00
0.000000000000000000e+00
-3.070565526101675152e-15
0.000000000000000000e+00
0.000000000000000000e+00
-2.303042937058537572e-15
0.000000000000000000e+00
0.000000000000000000e+00
0.000000000000000000e+00
0.000000000000000000e+00
0.000000000000000000e+00
0.000000000000000000e+00
0.000000000000000000e+00
0.000000000000000000e+00
0.000000000000000000e+00
0.000000000000000000e+00
0.000000000000000000e+00
0.000000000000000000e+00
0.000000000000000000e+00
0.000000000000000000e+00
4.927937175251365001e-28
0.000000000000000000e+00
0.000000000000000000e+00
0.000000000000000000e+00
0.000000000000000000e+00
4.950275959554106781e-28
0.000000000000000000e+00
4.926619868435691612e-28
0.000000000000000000e+00
0.000000000000000000e+00
0.000000000000000000e+00
0.000000000000000000e+00
0.000000000000000000e+00
0.000000000000000000e+00
0.000000000000000000e+00
0.000000000000000000e+00
-2.978744314681624548e-14
0.000000000000000000e+00
0.000000000000000000e+00
-3.968390061129179217e-15
0.000000000000000000e+00
0.000000000000000000e+00
-3.512551268748571985e-15
0.000000000000000000e+00
0.000000000000000000e+00
-3.141751474653384333e-15
0.000000000000000000e+00
0.000000000000000000e+00
0.000000000000000000e+00
0.000000000000000000e+00
0.000000000000000000e+00
0.000000000000000000e+00
0.000000000000000000e+00
0.000000000000000000e+00
0.000000000000000000e+00
0.000000000000000000e+00
0.000000000000000000e+00
0.000000000000000000e+00
0.000000000000000000e+00
0.000000000000000000e+00
5.136211179220732491e-28
0.000000000000000000e+00
0.000000000000000000e+00
0.000000000000000000e+00
0.000000000000000000e+00
5.139540346329711962e-28
0.000000000000000000e+00
5.176080183289331176e-28
0.000000000000000000e+00
0.000000000000000000e+00
0.000000000000000000e+00
0.000000000000000000e+00
0.000000000000000000e+00
0.000000000000000000e+00
-2.988995089028306885e-14
0.000000000000000000e+00
0.000000000000000000e+00
-2.421565258107987809e-15
0.000000000000000000e+00
0.000000000000000000e+00
-2.884661063254011817e-15
0.000000000000000000e+00
0.000000000000000000e+00
-1.942396880072992055e-15
0.000000000000000000e+00
0.000000000000000000e+00
0.000000000000000000e+00
0.000000000000000000e+00
0.000000000000000000e+00
0.000000000000000000e+00
0.000000000000000000e+00
0.000000000000000000e+00
0.000000000000000000e+00
0.000000000000000000e+00
0.000000000000000000e+00
0.000000000000000000e+00
0.000000000000000000e+00
0.000000000000000000e+00
4.909442916864495712e-28
0.000000000000000000e+00
0.000000000000000000e+00
0.000000000000000000e+00
0.000000000000000000e+00
4.926619868435691612e-28
0.000000000000000000e+00
4.908549255881846885e-28
0.000000000000000000e+00
0.000000000000000000e+00
0.000000000000000000e+00
0.000000000000000000e+00
0.000000000000000000e+00
0.000000000000000000e+00
0.000000000000000000e+00
0.000000000000000000e+00
-2.972453690823135865e-14
0.000000000000000000e+00
0.000000000000000000e+00
-4.411165642568486384e-15
0.000000000000000000e+00
0.000000000000000000e+00
-3.690159594896561469e-15
0.000000000000000000e+00
0.000000000000000000e+00
-3.484992012696866044e-15
0.000000000000000000e+00
0.000000000000000000e+00
0.000000000000000000e+00
0.000000000000000000e+00
0.000000000000000000e+00
0.000000000000000000e+00
0.000000000000000000e+00
0.000000000000000000e+00
0.000000000000000000e+00
0.000000000000000000e+00
0.000000000000000000e+00
0.000000000000000000e+00
0.000000000000000000e+00
0.000000000000000000e+00
5.172292664790437010e-28
0.000000000000000000e+00
0.000000000000000000e+00
0.000000000000000000e+00
0.000000000000000000e+00
5.176080183289331176e-28
0.000000000000000000e+00
5.217671796807260333e-28
